locus_tag	ftype	length_bp	gene	EC_number	COG	product
OFGNKLEL_00001	CDS	279	higB_1	3.1.-.-		Endoribonuclease HigB
OFGNKLEL_00002	CDS	282	ybaQ_1		COG3093	putative HTH-type transcriptional regulator YbaQ
OFGNKLEL_00003	CDS	276				hypothetical protein
OFGNKLEL_00004	CDS	738				hypothetical protein
OFGNKLEL_00005	CDS	513				hypothetical protein
OFGNKLEL_00006	CDS	660				hypothetical protein
OFGNKLEL_00007	CDS	519				hypothetical protein
OFGNKLEL_00008	CDS	576				hypothetical protein
OFGNKLEL_00009	CDS	606	fadR_1			Fatty acid metabolism regulator protein
OFGNKLEL_00010	CDS	3144	arpB		COG0841	Antibiotic efflux pump membrane transporter ArpB
OFGNKLEL_00011	CDS	1377	mdtN		COG1566	Multidrug resistance protein MdtN
OFGNKLEL_00012	CDS	201				hypothetical protein
OFGNKLEL_00013	CDS	876	znuA		COG0803	High-affinity zinc uptake system binding-protein ZnuA
OFGNKLEL_00014	CDS	762	znuC	3.6.3.-	COG1121	High-affinity zinc uptake system ATP-binding protein ZnuC
OFGNKLEL_00015	CDS	843	mntB			Manganese transport system membrane protein MntB
OFGNKLEL_00016	CDS	375	degS_1	2.7.13.3		Signal transduction histidine-protein kinase/phosphatase DegS
OFGNKLEL_00017	CDS	714				hypothetical protein
OFGNKLEL_00018	CDS	231				hypothetical protein
OFGNKLEL_00019	CDS	291				hypothetical protein
OFGNKLEL_00020	CDS	714				hypothetical protein
OFGNKLEL_00021	CDS	489				hypothetical protein
OFGNKLEL_00022	CDS	912				hypothetical protein
OFGNKLEL_00023	CDS	783				hypothetical protein
OFGNKLEL_00024	CDS	1533				hypothetical protein
OFGNKLEL_00025	CDS	984				hypothetical protein
OFGNKLEL_00026	CDS	732				hypothetical protein
OFGNKLEL_00027	CDS	327	trxA_1		COG0526	Thioredoxin 1
OFGNKLEL_00028	CDS	576	rbr_1		COG1592	Rubrerythrin
OFGNKLEL_00029	CDS	1035	aroB	4.2.3.4	COG0337	3-dehydroquinate synthase
OFGNKLEL_00030	CDS	933	aroF_1	2.5.1.54	COG2876	Phospho-2-dehydro-3-deoxyheptonate aldolase
OFGNKLEL_00031	CDS	1788	aspS	6.1.1.12		Aspartate--tRNA ligase
OFGNKLEL_00032	CDS	1257	hisS	6.1.1.21	COG0124	Histidine--tRNA ligase
OFGNKLEL_00033	CDS	1296	hisD	1.1.1.23		Histidinol dehydrogenase
OFGNKLEL_00034	CDS	888	mreB_1		COG1077	Rod shape-determining protein MreB
OFGNKLEL_00035	CDS	813	mreC			Cell shape-determining protein MreC
OFGNKLEL_00036	CDS	549				hypothetical protein
OFGNKLEL_00037	CDS	1845	mrdA	3.4.16.4	COG0768	Peptidoglycan D,D-transpeptidase MrdA
OFGNKLEL_00038	CDS	1107	mrdB	2.4.1.129	COG0772	Peptidoglycan glycosyltransferase MrdB
OFGNKLEL_00039	CDS	432	atpF_1		COG0711	ATP synthase subunit b
OFGNKLEL_00040	CDS	591	atpF_2		COG0711	ATP synthase subunit b
OFGNKLEL_00041	CDS	552	atpH		COG0712	ATP synthase subunit delta
OFGNKLEL_00042	CDS	1515	atpA	3.6.3.14	COG0056	ATP synthase subunit alpha
OFGNKLEL_00043	CDS	894	atpG		COG0224	ATP synthase gamma chain
OFGNKLEL_00044	CDS	1404	atpD	3.6.3.14	COG0055	ATP synthase subunit beta
OFGNKLEL_00045	CDS	399	atpC		COG0355	ATP synthase epsilon chain
OFGNKLEL_00046	CDS	549				hypothetical protein
OFGNKLEL_00047	CDS	969				hypothetical protein
OFGNKLEL_00048	CDS	429				hypothetical protein
OFGNKLEL_00049	CDS	1317	dctM_1		COG1593	C4-dicarboxylate TRAP transporter large permease protein DctM
OFGNKLEL_00050	CDS	495				hypothetical protein
OFGNKLEL_00051	CDS	996			COG1638	Solute-binding protein
OFGNKLEL_00052	CDS	189				hypothetical protein
OFGNKLEL_00053	CDS	408				hypothetical protein
OFGNKLEL_00054	CDS	858	dapB	1.17.1.8	COG0289	4-hydroxy-tetrahydrodipicolinate reductase
OFGNKLEL_00055	CDS	486	dnaJ_1			Chaperone protein DnaJ
OFGNKLEL_00056	CDS	807	menH	4.2.99.20		2-succinyl-6-hydroxy-2,4-cyclohexadiene-1-carboxylate synthase
OFGNKLEL_00057	CDS	1404	purF_1	2.4.2.14	COG0034	Amidophosphoribosyltransferase
OFGNKLEL_00058	CDS	288				hypothetical protein
OFGNKLEL_00059	CDS	2211	recD2_1	3.6.4.12	COG0507	ATP-dependent RecD-like DNA helicase
OFGNKLEL_00060	CDS	159				hypothetical protein
OFGNKLEL_00061	CDS	1257	qrcD			Menaquinone reductase, integral membrane subunit
OFGNKLEL_00062	CDS	867	qrcC	1.97.-.-	COG0437	Menaquinone reductase, iron-sulfur cluster-binding subunit
OFGNKLEL_00063	CDS	789	qrcB		COG0243	Menaquinone reductase, molybdopterin-binding-like subunit
OFGNKLEL_00064	CDS	363				hypothetical protein
OFGNKLEL_00065	CDS	264				hypothetical protein
OFGNKLEL_00066	CDS	537				hypothetical protein
OFGNKLEL_00067	CDS	1230	argG	6.3.4.5	COG0137	Argininosuccinate synthase
OFGNKLEL_00068	CDS	483	gpt	2.4.2.22	COG0503	Xanthine phosphoribosyltransferase
OFGNKLEL_00069	CDS	684				hypothetical protein
OFGNKLEL_00070	CDS	390	Hnr	1.3.7.1		6-hydroxynicotinate reductase
OFGNKLEL_00071	CDS	480	padI_1	1.2.1.58		NADH-dependent phenylglyoxylate dehydrogenase subunit beta
OFGNKLEL_00072	CDS	1086	pspF		COG1221	Psp operon transcriptional activator
OFGNKLEL_00073	CDS	468	lrp_1		COG1522	Leucine-responsive regulatory protein
OFGNKLEL_00074	CDS	1260	lysA_1	4.1.1.20	COG0019	Diaminopimelate decarboxylase
OFGNKLEL_00075	CDS	1872		2.8.3.-	COG0427	Butanoate coenzyme A-transferase
OFGNKLEL_00076	CDS	1761	acsA_1	6.2.1.1	COG0365	Acetyl-coenzyme A synthetase
OFGNKLEL_00077	CDS	963	dus_1	1.3.1.-		putative tRNA-dihydrouridine synthase
OFGNKLEL_00078	CDS	285	ihfB_1		COG0776	Integration host factor subunit beta
OFGNKLEL_00079	CDS	531				hypothetical protein
OFGNKLEL_00080	CDS	1410	ribZ			Riboflavin transporter RibZ
OFGNKLEL_00081	CDS	369				hypothetical protein
OFGNKLEL_00082	CDS	918				hypothetical protein
OFGNKLEL_00083	CDS	966	dus_2	1.3.1.-	COG0042	putative tRNA-dihydrouridine synthase
OFGNKLEL_00084	CDS	405	queF	1.7.1.13	COG0780	NADPH-dependent 7-cyano-7-deazaguanine reductase
OFGNKLEL_00085	CDS	762				hypothetical protein
OFGNKLEL_00086	CDS	897	era_1		COG1159	GTPase Era
OFGNKLEL_00087	CDS	495	engB		COG0218	putative GTP-binding protein EngB
OFGNKLEL_00088	CDS	378				hypothetical protein
OFGNKLEL_00089	CDS	177				hypothetical protein
OFGNKLEL_00090	CDS	261	actP_1	3.6.3.4		Copper-transporting P-type ATPase
OFGNKLEL_00091	CDS	339				hypothetical protein
OFGNKLEL_00092	CDS	405	mscL		COG1970	Large-conductance mechanosensitive channel
OFGNKLEL_00093	CDS	1317				hypothetical protein
OFGNKLEL_00094	CDS	354				hypothetical protein
OFGNKLEL_00095	CDS	1179	fic_1	2.7.7.-	COG3177	Adenosine monophosphate-protein transferase SoFic
OFGNKLEL_00096	CDS	468				hypothetical protein
OFGNKLEL_00097	CDS	672				hypothetical protein
OFGNKLEL_00098	CDS	588				hypothetical protein
OFGNKLEL_00099	CDS	531				hypothetical protein
OFGNKLEL_00100	CDS	330	fhlA		COG3604	Formate hydrogenlyase transcriptional activator FhlA
OFGNKLEL_00101	CDS	1167	pilT_1		COG2805	Twitching mobility protein
OFGNKLEL_00102	CDS	1083	pilT_2		COG2805	Twitching mobility protein
OFGNKLEL_00103	CDS	501	divIVA		COG3599	Septum site-determining protein DivIVA
OFGNKLEL_00104	CDS	303				hypothetical protein
OFGNKLEL_00105	CDS	753				hypothetical protein
OFGNKLEL_00106	CDS	405				hypothetical protein
OFGNKLEL_00107	CDS	348				hypothetical protein
OFGNKLEL_00108	CDS	795				hypothetical protein
OFGNKLEL_00109	CDS	759				hypothetical protein
OFGNKLEL_00110	CDS	156				hypothetical protein
OFGNKLEL_00111	CDS	747	yxeM_1		COG0834	putative amino-acid-binding protein YxeM
OFGNKLEL_00112	CDS	1914	cckA_1			Sensor kinase CckA
OFGNKLEL_00113	CDS	1371	pdtaS	2.7.13.3	COG3920	putative sensor histidine kinase pdtaS
OFGNKLEL_00114	CDS	750				hypothetical protein
OFGNKLEL_00115	CDS	765	kipR		COG1414	HTH-type transcriptional regulator KipR
OFGNKLEL_00116	CDS	570				hypothetical protein
OFGNKLEL_00117	tRNA	77				tRNA-Arg(tct)
OFGNKLEL_00118	CDS	960	rpoH		COG0568	RNA polymerase sigma factor RpoH
OFGNKLEL_00119	CDS	1749	bepA_1	3.4.-.-		Beta-barrel assembly-enhancing protease
OFGNKLEL_00120	CDS	828				hypothetical protein
OFGNKLEL_00121	CDS	873	apbC		COG0489	Iron-sulfur cluster carrier protein
OFGNKLEL_00122	CDS	1170	dgt_1		COG0232	Deoxyguanosinetriphosphate triphosphohydrolase-like protein
OFGNKLEL_00123	CDS	729				hypothetical protein
OFGNKLEL_00124	CDS	309				hypothetical protein
OFGNKLEL_00125	CDS	306				hypothetical protein
OFGNKLEL_00126	CDS	363				hypothetical protein
OFGNKLEL_00127	CDS	1155	mexA			Multidrug resistance protein MexA
OFGNKLEL_00128	CDS	417				hypothetical protein
OFGNKLEL_00129	CDS	549				hypothetical protein
OFGNKLEL_00130	CDS	369	prfB			Peptide chain release factor 2
OFGNKLEL_00131	CDS	591	hndD	1.12.1.3	COG3383	NADP-reducing hydrogenase subunit HndD
OFGNKLEL_00132	CDS	585				hypothetical protein
OFGNKLEL_00133	CDS	504				hypothetical protein
OFGNKLEL_00134	CDS	1515	atoS_1	2.7.13.3	COG0642	Signal transduction histidine-protein kinase AtoS
OFGNKLEL_00135	CDS	1395	zraR_1		COG2204	Transcriptional regulatory protein ZraR
OFGNKLEL_00136	CDS	306				hypothetical protein
OFGNKLEL_00137	CDS	792	dnaJ_2		COG0484	Chaperone protein DnaJ
OFGNKLEL_00138	CDS	270				hypothetical protein
OFGNKLEL_00139	CDS	981				hypothetical protein
OFGNKLEL_00140	CDS	987				hypothetical protein
OFGNKLEL_00141	CDS	135				hypothetical protein
OFGNKLEL_00142	CDS	570	flr			Flavoredoxin
OFGNKLEL_00143	CDS	282				hypothetical protein
OFGNKLEL_00144	CDS	546	glpG	3.4.21.105		Rhomboid protease GlpG
OFGNKLEL_00145	CDS	642				hypothetical protein
OFGNKLEL_00146	CDS	93				hypothetical protein
OFGNKLEL_00147	CDS	258				hypothetical protein
OFGNKLEL_00148	CDS	1539	cydA	1.10.3.14	COG1271	Cytochrome bd-I ubiquinol oxidase subunit 1
OFGNKLEL_00149	CDS	1149	cydB	1.10.3.14	COG1294	Cytochrome bd-I ubiquinol oxidase subunit 2
OFGNKLEL_00150	CDS	93				hypothetical protein
OFGNKLEL_00151	CDS	159				Rubredoxin
OFGNKLEL_00152	CDS	837	quiP_1	3.5.1.97	COG2366	Acyl-homoserine lactone acylase QuiP
OFGNKLEL_00153	CDS	1032	pepT	3.4.11.4	COG2195	Peptidase T
OFGNKLEL_00154	CDS	1197	larC			Pyridinium-3,5-bisthiocarboxylic acid mononucleotide nickel insertion protein
OFGNKLEL_00155	CDS	441	pgpA	3.1.3.27	COG1267	Phosphatidylglycerophosphatase A
OFGNKLEL_00156	CDS	1035	recA		COG0468	Protein RecA
OFGNKLEL_00157	CDS	2622	alaS	6.1.1.7	COG0013	Alanine--tRNA ligase
OFGNKLEL_00158	CDS	1035	yejB_1		COG4174	Inner membrane ABC transporter permease protein YejB
OFGNKLEL_00159	CDS	192				hypothetical protein
OFGNKLEL_00160	CDS	1323		6.2.1.30	COG1541	Phenylacetate-coenzyme A ligase
OFGNKLEL_00161	CDS	990	ppaC_1	3.6.1.1		manganese-dependent inorganic pyrophosphatase
OFGNKLEL_00162	CDS	1095				hypothetical protein
OFGNKLEL_00163	CDS	1392			COG1090	Epimerase family protein
OFGNKLEL_00164	CDS	159				Rubredoxin
OFGNKLEL_00165	CDS	1215	fprA	1.-.-.-	COG0426	Nitric oxide reductase
OFGNKLEL_00166	CDS	471				hypothetical protein
OFGNKLEL_00167	CDS	264				hypothetical protein
OFGNKLEL_00168	CDS	663	wbpD	2.3.1.201	COG0110	UDP-2-acetamido-3-amino-2,3-dideoxy-D-glucuronate N-acetyltransferase
OFGNKLEL_00169	CDS	1173	wbpE	2.6.1.98	COG0399	UDP-2-acetamido-2-deoxy-3-oxo-D-glucuronate aminotransferase
OFGNKLEL_00170	CDS	903				hypothetical protein
OFGNKLEL_00171	CDS	1443				hypothetical protein
OFGNKLEL_00172	CDS	975	ravA	3.6.3.-	COG0714	ATPase RavA
OFGNKLEL_00173	CDS	879			COG1721	putative protein
OFGNKLEL_00174	CDS	543				hypothetical protein
OFGNKLEL_00175	CDS	996				hypothetical protein
OFGNKLEL_00176	CDS	1833				hypothetical protein
OFGNKLEL_00177	CDS	2493				hypothetical protein
OFGNKLEL_00178	CDS	255				hypothetical protein
OFGNKLEL_00179	CDS	1734	dgcE_1	2.7.7.65	COG2202	putative diguanylate cyclase DgcE
OFGNKLEL_00180	CDS	246				hypothetical protein
OFGNKLEL_00181	CDS	2334	kinE_1	2.7.13.3	COG2202	Sporulation kinase E
OFGNKLEL_00182	CDS	741	kdpD	2.7.13.3	COG2205	Sensor protein KdpD
OFGNKLEL_00183	CDS	1035	tdh	1.1.1.103	COG1063	L-threonine 3-dehydrogenase
OFGNKLEL_00184	CDS	1206	dgcT_1	2.7.7.65		putative diguanylate cyclase DgcT
OFGNKLEL_00185	CDS	687				hypothetical protein
OFGNKLEL_00186	CDS	318				hypothetical protein
OFGNKLEL_00187	CDS	1803	dmdC_1	1.3.8.-	COG1960	3-methylmercaptopropionyl-CoA dehydrogenase
OFGNKLEL_00188	CDS	759		4.2.1.17	COG1024	putative enoyl-CoA hydratase echA12
OFGNKLEL_00189	CDS	984				Universal stress protein
OFGNKLEL_00190	CDS	498				hypothetical protein
OFGNKLEL_00191	CDS	717				hypothetical protein
OFGNKLEL_00192	CDS	1044	gpsA	1.1.1.94		Glycerol-3-phosphate dehydrogenase [NAD(P)+]
OFGNKLEL_00193	CDS	618				hypothetical protein
OFGNKLEL_00194	CDS	1275	waaA	2.4.99.12	COG1519	3-deoxy-D-manno-octulosonic acid transferase
OFGNKLEL_00195	CDS	651	metH_1	2.1.1.13	COG0646	Methionine synthase
OFGNKLEL_00196	CDS	1413	mtgB_1	2.1.1.-	COG5598	Glycine betaine methyltransferase
OFGNKLEL_00197	CDS	759				hypothetical protein
OFGNKLEL_00198	CDS	273	cysO		COG1977	Sulfur carrier protein CysO
OFGNKLEL_00199	CDS	825	wfgD	2.4.1.305		UDP-Glc:alpha-D-GlcNAc-diphosphoundecaprenol beta-1,3-glucosyltransferase WfgD
OFGNKLEL_00200	CDS	420	fitB	3.1.-.-		Toxin FitB
OFGNKLEL_00201	CDS	252				hypothetical protein
OFGNKLEL_00202	CDS	1557				hypothetical protein
OFGNKLEL_00203	CDS	381				hypothetical protein
OFGNKLEL_00204	CDS	2196	zraR_2		COG2204	Transcriptional regulatory protein ZraR
OFGNKLEL_00205	CDS	966	phnD2		COG3221	putative ABC transporter phosphonate/phosphite binding protein PhnD2
OFGNKLEL_00206	CDS	978			COG0391	Gluconeogenesis factor
OFGNKLEL_00207	CDS	555				hypothetical protein
OFGNKLEL_00208	CDS	1107	dgt_2		COG0232	Deoxyguanosinetriphosphate triphosphohydrolase-like protein
OFGNKLEL_00209	CDS	528	tadA_1	3.5.4.33	COG0590	tRNA-specific adenosine deaminase
OFGNKLEL_00210	CDS	618	infC		COG0290	Translation initiation factor IF-3
OFGNKLEL_00211	CDS	198	rpmI		COG0291	50S ribosomal protein L35
OFGNKLEL_00212	CDS	351	rplT		COG0292	50S ribosomal protein L20
OFGNKLEL_00213	CDS	474	dppA_1		COG0747	Periplasmic dipeptide transport protein
OFGNKLEL_00214	CDS	1005	dppB_1		COG0601	Dipeptide transport system permease protein DppB
OFGNKLEL_00215	CDS	894	dppC_1		COG1173	Dipeptide transport system permease protein DppC
OFGNKLEL_00216	CDS	978	oppD_1		COG0444	Oligopeptide transport ATP-binding protein OppD
OFGNKLEL_00217	CDS	981	oppF_1		COG4608	Oligopeptide transport ATP-binding protein OppF
OFGNKLEL_00218	CDS	2361	cutC_1	4.3.99.4	COG1882	Choline trimethylamine-lyase
OFGNKLEL_00219	CDS	756	cutD_1	1.97.1.-	COG1180	Choline trimethylamine-lyase activating enzyme
OFGNKLEL_00220	CDS	408	vapC_1	3.1.-.-	COG1487	tRNA(fMet)-specific endonuclease VapC
OFGNKLEL_00221	CDS	234	vapB2			Antitoxin VapB2
OFGNKLEL_00222	CDS	294	cckA_2			Sensor kinase CckA
OFGNKLEL_00223	CDS	834				hypothetical protein
OFGNKLEL_00224	CDS	429	exbD_1		COG0848	Biopolymer transport protein ExbD
OFGNKLEL_00225	CDS	627	tolQ_1		COG0811	Protein TolQ
OFGNKLEL_00226	CDS	819	yusV		COG1120	putative siderophore transport system ATP-binding protein YusV
OFGNKLEL_00227	CDS	1008	hmuU_1		COG0609	Hemin transport system permease protein HmuU
OFGNKLEL_00228	CDS	858	btuF_1		COG0614	Vitamin B12-binding protein
OFGNKLEL_00229	CDS	1998			COG0614	putative protein
OFGNKLEL_00230	CDS	2031	cirA		COG4771	Colicin I receptor
OFGNKLEL_00231	CDS	1113				hypothetical protein
OFGNKLEL_00232	CDS	1071	hmuU_2		COG0609	Hemin transport system permease protein HmuU
OFGNKLEL_00233	CDS	771	fepC_1		COG1120	Ferric enterobactin transport ATP-binding protein FepC
OFGNKLEL_00234	CDS	2082	hcr	1.-.-.-	COG1018	NADH oxidoreductase HCR
OFGNKLEL_00235	CDS	312	trxA_2		COG0526	Thioredoxin
OFGNKLEL_00236	CDS	90				hypothetical protein
OFGNKLEL_00237	CDS	756				hypothetical protein
OFGNKLEL_00238	CDS	243				hypothetical protein
OFGNKLEL_00239	CDS	378		3.1.-.-	COG1487	Ribonuclease VapC10
OFGNKLEL_00240	CDS	1638	tagO	2.7.8.33	COG0472	putative undecaprenyl-phosphate N-acetylglucosaminyl 1-phosphate transferase
OFGNKLEL_00241	CDS	2202	bepA_2	3.4.-.-		Beta-barrel assembly-enhancing protease
OFGNKLEL_00242	CDS	546				hypothetical protein
OFGNKLEL_00243	CDS	651				hypothetical protein
OFGNKLEL_00244	CDS	642				hypothetical protein
OFGNKLEL_00245	CDS	555				hypothetical protein
OFGNKLEL_00246	CDS	1263				hypothetical protein
OFGNKLEL_00247	CDS	1173	msrAB		COG0225	Peptide methionine sulfoxide reductase MsrA/MsrB
OFGNKLEL_00248	CDS	1485	resE_1	2.7.13.3		Sensor histidine kinase ResE
OFGNKLEL_00249	CDS	702	walR_1		COG0745	Transcriptional regulatory protein WalR
OFGNKLEL_00250	CDS	1194	ynjB		COG4134	Protein YnjB
OFGNKLEL_00251	CDS	1770	ynjC		COG4135	Inner membrane ABC transporter permease protein YnjC
OFGNKLEL_00252	CDS	639	cysA_1	3.6.3.25	COG1118	Sulfate/thiosulfate import ATP-binding protein CysA
OFGNKLEL_00253	CDS	624	ynjF		COG0558	Inner membrane protein YnjF
OFGNKLEL_00254	CDS	618	cbiC	5.4.99.60	COG2082	Cobalt-precorrin-8 methylmutase
OFGNKLEL_00255	CDS	1446	cbiA_1	6.3.5.11	COG1797	Cobyrinate a,c-diamide synthase
OFGNKLEL_00256	CDS	1098	cbiD	2.1.1.195	COG1903	Cobalt-precorrin-5B C(1)-methyltransferase
OFGNKLEL_00257	CDS	480			COG1720	S-adenosyl-L-methionine-binding protein
OFGNKLEL_00258	CDS	903	eamA		COG0697	putative amino-acid metabolite efflux pump
OFGNKLEL_00259	CDS	1284	moaA2	4.1.99.22	COG2896	GTP 3',8-cyclase 2
OFGNKLEL_00260	CDS	444				hypothetical protein
OFGNKLEL_00261	CDS	522	hybD	3.4.23.-	COG0680	Hydrogenase 2 maturation protease
OFGNKLEL_00262	CDS	228				hypothetical protein
OFGNKLEL_00263	CDS	957		1.12.99.6	COG1740	Periplasmic [NiFeSe] hydrogenase small subunit
OFGNKLEL_00264	CDS	1443		1.12.99.6	COG0374	Periplasmic [NiFeSe] hydrogenase large subunit
OFGNKLEL_00265	CDS	492	hyaD	3.4.23.-	COG0680	Hydrogenase 1 maturation protease
OFGNKLEL_00266	CDS	369				hypothetical protein
OFGNKLEL_00267	CDS	717				hypothetical protein
OFGNKLEL_00268	CDS	1164	cckA_3			Sensor kinase CckA
OFGNKLEL_00269	CDS	504				hypothetical protein
OFGNKLEL_00270	CDS	912				hypothetical protein
OFGNKLEL_00271	CDS	537	aroK	2.7.1.71	COG0703	Shikimate kinase
OFGNKLEL_00272	CDS	1221				hypothetical protein
OFGNKLEL_00273	CDS	636				hypothetical protein
OFGNKLEL_00274	CDS	504	mobB		COG1763	Molybdopterin-guanine dinucleotide biosynthesis adapter protein
OFGNKLEL_00275	CDS	876				hypothetical protein
OFGNKLEL_00276	CDS	852	panB_1	2.1.2.11	COG0413	3-methyl-2-oxobutanoate hydroxymethyltransferase
OFGNKLEL_00277	CDS	807	livF_1		COG0410	High-affinity branched-chain amino acid transport ATP-binding protein LivF
OFGNKLEL_00278	CDS	1227	braC_1		COG0683	Leucine-, isoleucine-, valine-, threonine-, and alanine-binding protein
OFGNKLEL_00279	CDS	1095				hypothetical protein
OFGNKLEL_00280	CDS	894	livH_1		COG0559	High-affinity branched-chain amino acid transport system permease protein LivH
OFGNKLEL_00281	CDS	1929		6.2.1.3	COG1022	Long-chain-fatty-acid--CoA ligase FadD15
OFGNKLEL_00282	CDS	531	lptB_1	3.6.3.-	COG1137	Lipopolysaccharide export system ATP-binding protein LptB
OFGNKLEL_00283	CDS	234				hypothetical protein
OFGNKLEL_00284	CDS	747	lptB_2	3.6.3.-	COG1137	Lipopolysaccharide export system ATP-binding protein LptB
OFGNKLEL_00285	CDS	723	livF_2		COG0410	High-affinity branched-chain amino acid transport ATP-binding protein LivF
OFGNKLEL_00286	CDS	1065	hutG	3.5.3.8		Formimidoylglutamase
OFGNKLEL_00287	CDS	363	queC_1	6.3.4.20	COG0603	7-cyano-7-deazaguanine synthase
OFGNKLEL_00288	CDS	1338	lutA		COG0247	Lactate utilization protein A
OFGNKLEL_00289	CDS	1248	serB2	3.1.3.3	COG0560	Phosphoserine phosphatase SerB2
OFGNKLEL_00290	CDS	1194	yhjX_1			putative MFS-type transporter YhjX
OFGNKLEL_00291	CDS	1353	pcnB	2.7.7.19	COG0617	Poly(A) polymerase I
OFGNKLEL_00292	CDS	828	ubiA	2.5.1.-	COG0382	4-hydroxybenzoate octaprenyltransferase
OFGNKLEL_00293	CDS	669	hypB			Hydrogenase maturation factor HypB
OFGNKLEL_00294	CDS	348	hybF		COG0375	Hydrogenase maturation factor HybF
OFGNKLEL_00295	CDS	1155	tgt	2.4.2.29		Queuine tRNA-ribosyltransferase
OFGNKLEL_00296	CDS	1080	queA	2.4.99.17		S-adenosylmethionine:tRNA ribosyltransferase-isomerase
OFGNKLEL_00297	CDS	192				hypothetical protein
OFGNKLEL_00298	CDS	1179	braC_2		COG0683	Leucine-, isoleucine-, valine-, threonine-, and alanine-binding protein
OFGNKLEL_00299	CDS	948	birA	6.3.4.15	COG0340	Bifunctional ligase/repressor BirA
OFGNKLEL_00300	CDS	927	hslO		COG1281	33 kDa chaperonin
OFGNKLEL_00301	CDS	1533	comM		COG0606	Competence protein ComM
OFGNKLEL_00302	CDS	873	lpxC	3.5.1.108	COG0774	UDP-3-O-acyl-N-acetylglucosamine deacetylase
OFGNKLEL_00303	CDS	588				hypothetical protein
OFGNKLEL_00304	CDS	2211	atoS_2	2.7.13.3	COG0642	Signal transduction histidine-protein kinase AtoS
OFGNKLEL_00305	CDS	1347	zraR_3		COG2204	Transcriptional regulatory protein ZraR
OFGNKLEL_00306	CDS	543	rsmD	2.1.1.171	COG0742	Ribosomal RNA small subunit methyltransferase D
OFGNKLEL_00307	CDS	501	coaD	2.7.7.3	COG0669	Phosphopantetheine adenylyltransferase
OFGNKLEL_00308	CDS	1248	yhjX_2			putative MFS-type transporter YhjX
OFGNKLEL_00309	CDS	723	crt_1	4.2.1.150	COG1024	Short-chain-enoyl-CoA hydratase
OFGNKLEL_00310	CDS	1674	apc1	6.4.1.8	COG0145	Acetophenone carboxylase alpha subunit
OFGNKLEL_00311	CDS	1311		3.5.1.-	COG0123	Histone deacetylase-like amidohydrolase
OFGNKLEL_00312	CDS	915	epmA_1	6.3.1.-	COG2269	Elongation factor P--(R)-beta-lysine ligase
OFGNKLEL_00313	CDS	1113				hypothetical protein
OFGNKLEL_00314	CDS	693	pcm	2.1.1.77	COG2518	Protein-L-isoaspartate O-methyltransferase
OFGNKLEL_00315	CDS	1008	kch		COG1226	Voltage-gated potassium channel Kch
OFGNKLEL_00316	CDS	588	yqgN		COG0212	putative protein YqgN
OFGNKLEL_00317	CDS	1290	serS	6.1.1.11	COG0172	Serine--tRNA ligase
OFGNKLEL_00318	CDS	1506	thrC	4.2.3.1	COG0498	Threonine synthase
OFGNKLEL_00319	CDS	1479				hypothetical protein
OFGNKLEL_00320	CDS	1629	ptsP	2.7.3.9	COG3605	Phosphoenolpyruvate-dependent phosphotransferase system
OFGNKLEL_00321	CDS	1005				hypothetical protein
OFGNKLEL_00322	CDS	1776	ppsA	2.7.9.2	COG0574	Phosphoenolpyruvate synthase
OFGNKLEL_00323	CDS	1734	maeA	1.1.1.38	COG0281	putative NAD-dependent malic enzyme 2
OFGNKLEL_00324	CDS	2652	acnA	4.2.1.3	COG1048	Aconitate hydratase A
OFGNKLEL_00325	CDS	444				hypothetical protein
OFGNKLEL_00326	CDS	1122	dnaN		COG0592	Beta sliding clamp
OFGNKLEL_00327	CDS	534				hypothetical protein
OFGNKLEL_00328	CDS	615	rdgC			Recombination-associated protein RdgC
OFGNKLEL_00329	CDS	1128		1.12.-.-		Soluble hydrogenase 42 kDa subunit
OFGNKLEL_00330	CDS	3519	por	1.2.7.1	COG0674	Pyruvate synthase
OFGNKLEL_00331	CDS	126				hypothetical protein
OFGNKLEL_00332	CDS	1599	cckA_4			Sensor kinase CckA
OFGNKLEL_00333	CDS	1803	dgcM	2.7.7.65	COG2199	Diguanylate cyclase DgcM
OFGNKLEL_00334	CDS	294				hypothetical protein
OFGNKLEL_00335	CDS	543				hypothetical protein
OFGNKLEL_00336	CDS	1443	cckA_5			Sensor kinase CckA
OFGNKLEL_00337	CDS	1338				hypothetical protein
OFGNKLEL_00338	CDS	912				hypothetical protein
OFGNKLEL_00339	CDS	1512				hypothetical protein
OFGNKLEL_00340	CDS	99				hypothetical protein
OFGNKLEL_00341	CDS	1260	clpX_1		COG1219	ATP-dependent Clp protease ATP-binding subunit ClpX
OFGNKLEL_00342	CDS	2349	lon1_1	3.4.21.53	COG0466	Lon protease 1
OFGNKLEL_00343	CDS	936	rho_1	3.6.4.-	COG1158	Transcription termination factor Rho
OFGNKLEL_00344	tRNA	76				tRNA-Val(tac)
OFGNKLEL_00345	tRNA	78				tRNA-Asp(gtc)
OFGNKLEL_00346	CDS	1062	Int-Tn			Transposase from transposon Tn916
OFGNKLEL_00347	CDS	498				hypothetical protein
OFGNKLEL_00348	CDS	282				hypothetical protein
OFGNKLEL_00349	CDS	531				hypothetical protein
OFGNKLEL_00350	CDS	444				hypothetical protein
OFGNKLEL_00351	CDS	222				hypothetical protein
OFGNKLEL_00352	CDS	255				hypothetical protein
OFGNKLEL_00353	CDS	183				hypothetical protein
OFGNKLEL_00354	CDS	1923	recF			DNA replication and repair protein RecF
OFGNKLEL_00355	CDS	861	recT		COG3723	Protein RecT
OFGNKLEL_00356	CDS	606	atoC_1		COG2204	Regulatory protein AtoC
OFGNKLEL_00357	CDS	1056				hypothetical protein
OFGNKLEL_00358	CDS	2154				hypothetical protein
OFGNKLEL_00359	CDS	330				hypothetical protein
OFGNKLEL_00360	CDS	906				hypothetical protein
OFGNKLEL_00361	CDS	171				hypothetical protein
OFGNKLEL_00362	CDS	321	higA-2		COG2944	Antitoxin HigA-2
OFGNKLEL_00363	CDS	354				hypothetical protein
OFGNKLEL_00364	CDS	327				hypothetical protein
OFGNKLEL_00365	CDS	1680				hypothetical protein
OFGNKLEL_00366	CDS	1263				hypothetical protein
OFGNKLEL_00367	CDS	585	arsM_1	2.1.1.137		Arsenite methyltransferase
OFGNKLEL_00368	CDS	1395	ltrA_1		COG3344	Group II intron-encoded protein LtrA
OFGNKLEL_00369	CDS	210				hypothetical protein
OFGNKLEL_00370	CDS	207				hypothetical protein
OFGNKLEL_00371	CDS	1353		2.7.1.165	COG2379	D-glycerate 2-kinase
OFGNKLEL_00372	CDS	1284	larA_1	5.1.2.1	COG3875	Lactate racemase
OFGNKLEL_00373	CDS	651	cckA_6			Sensor kinase CckA
OFGNKLEL_00374	CDS	90				hypothetical protein
OFGNKLEL_00375	CDS	705	xerC_1			Tyrosine recombinase XerC
OFGNKLEL_00376	CDS	447	mhqR		COG1846	HTH-type transcriptional regulator MhqR
OFGNKLEL_00377	CDS	699	yhhW	1.13.11.24	COG1741	Quercetin 2,3-dioxygenase
OFGNKLEL_00378	CDS	630	drgA_1			Protein DrgA
OFGNKLEL_00379	CDS	2652	gcvT_1	2.1.2.10		Aminomethyltransferase
OFGNKLEL_00380	CDS	591				hypothetical protein
OFGNKLEL_00381	CDS	453				hypothetical protein
OFGNKLEL_00382	CDS	909	phnPP	3.1.4.57	COG0613	Phosphoribosyl 1,2-cyclic phosphate 1,2-diphosphodiesterase
OFGNKLEL_00383	CDS	1959	pckG	4.1.1.32		Phosphoenolpyruvate carboxykinase [GTP]
OFGNKLEL_00384	CDS	591			COG0655	Iron-sulfur flavoprotein
OFGNKLEL_00385	CDS	417				hypothetical protein
OFGNKLEL_00386	CDS	1344	zraR_4		COG2204	Transcriptional regulatory protein ZraR
OFGNKLEL_00387	CDS	843	dgoD	4.2.1.6	COG4948	D-galactonate dehydratase
OFGNKLEL_00388	CDS	198				hypothetical protein
OFGNKLEL_00389	CDS	3204	bepE			Efflux pump membrane transporter BepE
OFGNKLEL_00390	CDS	1122	emrA		COG1566	Multidrug export protein EmrA
OFGNKLEL_00391	CDS	1521	vnfA_1		COG3604	Nitrogen fixation protein VnfA
OFGNKLEL_00392	CDS	705				hypothetical protein
OFGNKLEL_00393	CDS	534	cobP	2.7.1.156		Bifunctional adenosylcobalamin biosynthesis protein CobP
OFGNKLEL_00394	CDS	945	rlmN	2.1.1.-		Dual-specificity RNA methyltransferase RlmN
OFGNKLEL_00395	CDS	753	cobS	2.7.8.26	COG0368	Adenosylcobinamide-GDP ribazoletransferase
OFGNKLEL_00396	CDS	1086	cobD_1	4.1.1.81	COG0079	Threonine-phosphate decarboxylase
OFGNKLEL_00397	CDS	963	cobD_2		COG1270	Cobalamin biosynthesis protein CobD
OFGNKLEL_00398	CDS	822				hypothetical protein
OFGNKLEL_00399	CDS	921	cutD_2	1.97.1.-	COG1180	Choline trimethylamine-lyase activating enzyme
OFGNKLEL_00400	CDS	2406	cutC_2	4.3.99.4	COG1882	Choline trimethylamine-lyase
OFGNKLEL_00401	CDS	390	walK_1	2.7.13.3		Sensor histidine kinase WalK
OFGNKLEL_00402	CDS	171				hypothetical protein
OFGNKLEL_00403	CDS	975	fur		COG0735	Ferric uptake regulation protein
OFGNKLEL_00404	CDS	2181	feoB		COG0370	Fe(2+) transporter FeoB
OFGNKLEL_00405	CDS	462				hypothetical protein
OFGNKLEL_00406	CDS	690				hypothetical protein
OFGNKLEL_00407	CDS	1371	atoC_2		COG2204	Regulatory protein AtoC
OFGNKLEL_00408	CDS	1416	zraS_1	2.7.13.3		Sensor protein ZraS
OFGNKLEL_00409	CDS	1062	ftsA_1			Cell division protein FtsA
OFGNKLEL_00410	CDS	576				hypothetical protein
OFGNKLEL_00411	CDS	645				hypothetical protein
OFGNKLEL_00412	CDS	594				hypothetical protein
OFGNKLEL_00413	CDS	2328	pilQ		COG4796	Type IV pilus biogenesis and competence protein PilQ
OFGNKLEL_00414	CDS	309				hypothetical protein
OFGNKLEL_00415	CDS	864	pleD_1			Response regulator PleD
OFGNKLEL_00416	CDS	114				hypothetical protein
OFGNKLEL_00417	CDS	1449	gtfA	2.4.1.7	COG0366	Sucrose phosphorylase
OFGNKLEL_00418	CDS	2190		2.4.1.13		Sucrose synthase
OFGNKLEL_00419	CDS	897	iolC	2.7.1.92	COG0524	5-dehydro-2-deoxygluconokinase
OFGNKLEL_00420	CDS	810				hypothetical protein
OFGNKLEL_00421	CDS	591				hypothetical protein
OFGNKLEL_00422	CDS	489	mgrA		COG1846	HTH-type transcriptional regulator MgrA
OFGNKLEL_00423	CDS	1773	asnB	6.3.5.4	COG0367	Asparagine synthetase [glutamine-hydrolyzing] 1
OFGNKLEL_00424	CDS	1734	cphA	6.3.2.29		Cyanophycin synthetase
OFGNKLEL_00425	CDS	1128	ypdE	3.4.11.-	COG1363	Aminopeptidase YpdE
OFGNKLEL_00426	CDS	135				hypothetical protein
OFGNKLEL_00427	CDS	192				hypothetical protein
OFGNKLEL_00428	CDS	1293	kynU	3.7.1.3		Kynureninase
OFGNKLEL_00429	CDS	1119	braC_3		COG0683	Leucine-, isoleucine-, valine-, threonine-, and alanine-binding protein
OFGNKLEL_00430	CDS	204	cspC		COG1278	Cold shock-like protein CspC
OFGNKLEL_00431	CDS	267	rhlE_1	3.6.4.13	COG0513	ATP-dependent RNA helicase RhlE
OFGNKLEL_00432	CDS	153				hypothetical protein
OFGNKLEL_00433	CDS	2790	bamA		COG4775	Outer membrane protein assembly factor BamA
OFGNKLEL_00434	CDS	4068	tamB		COG2911	Translocation and assembly module subunit TamB
OFGNKLEL_00435	CDS	657	ycgJ_1	2.1.1.-		putative methyltransferase YcgJ
OFGNKLEL_00436	CDS	549	fadD_1	6.2.1.3	COG0318	Long-chain-fatty-acid--CoA ligase
OFGNKLEL_00437	CDS	180		5.3.1.29		Putative thiazole biosynthetic enzyme
OFGNKLEL_00438	CDS	2433	mnmC	1.5.-.-		tRNA 5-methylaminomethyl-2-thiouridine biosynthesis bifunctional protein MnmC
OFGNKLEL_00439	CDS	201				hypothetical protein
OFGNKLEL_00440	CDS	162				hypothetical protein
OFGNKLEL_00441	CDS	948				hypothetical protein
OFGNKLEL_00442	CDS	1053	asrA		COG1145	Anaerobic sulfite reductase subunit A
OFGNKLEL_00443	CDS	903				hypothetical protein
OFGNKLEL_00444	CDS	258	relG	3.1.-.-	COG2026	Toxin RelG
OFGNKLEL_00445	CDS	234				hypothetical protein
OFGNKLEL_00446	CDS	429				hypothetical protein
OFGNKLEL_00447	CDS	897				hypothetical protein
OFGNKLEL_00448	CDS	441				hypothetical protein
OFGNKLEL_00449	CDS	606				hypothetical protein
OFGNKLEL_00450	CDS	858	rpsA_1		COG0539	30S ribosomal protein S1
OFGNKLEL_00451	CDS	894	mlhB	3.1.1.83		Monoterpene epsilon-lactone hydrolase
OFGNKLEL_00452	CDS	858	yitU	3.1.3.104	COG0561	5-amino-6-(5-phospho-D-ribitylamino)uracil phosphatase YitU
OFGNKLEL_00453	CDS	720	pdxJ	2.6.99.2	COG0854	Pyridoxine 5'-phosphate synthase
OFGNKLEL_00454	CDS	258	ybeY	3.1.-.-	COG0319	Endoribonuclease YbeY
OFGNKLEL_00455	CDS	2373	pgpH	3.1.4.-		Cyclic-di-AMP phosphodiesterase PgpH
OFGNKLEL_00456	CDS	942			COG1702	PhoH-like protein
OFGNKLEL_00457	CDS	504	cvpA		COG1286	Colicin V production protein
OFGNKLEL_00458	CDS	252				hypothetical protein
OFGNKLEL_00459	CDS	486	ilvH_1	2.2.1.6	COG0440	Putative acetolactate synthase small subunit
OFGNKLEL_00460	CDS	1395	ttgF			Toluene efflux pump outer membrane protein TtgF
OFGNKLEL_00461	CDS	1185	mdtA			Multidrug resistance protein MdtA
OFGNKLEL_00462	CDS	3135	mdtB			Multidrug resistance protein MdtB
OFGNKLEL_00463	CDS	750	pyrF	4.1.1.23	COG0284	Orotidine 5'-phosphate decarboxylase
OFGNKLEL_00464	CDS	1221		2.7.2.4	COG0527	Aspartate kinase
OFGNKLEL_00465	CDS	477	tsaE		COG0802	tRNA threonylcarbamoyladenosine biosynthesis protein TsaE
OFGNKLEL_00466	CDS	1566	nnr		COG0062	Bifunctional NAD(P)H-hydrate repair enzyme Nnr
OFGNKLEL_00467	CDS	1023				hypothetical protein
OFGNKLEL_00468	CDS	564	tag	3.2.2.20	COG2818	DNA-3-methyladenine glycosylase 1
OFGNKLEL_00469	CDS	501	ispF	4.6.1.12		2-C-methyl-D-erythritol 2,4-cyclodiphosphate synthase
OFGNKLEL_00470	CDS	489	proX		COG3760	Prolyl-tRNA editing protein ProX
OFGNKLEL_00471	CDS	876	hexR_1		COG1737	HTH-type transcriptional regulator HexR
OFGNKLEL_00472	CDS	1224	soxB	1.5.3.1		Sarcosine oxidase subunit beta
OFGNKLEL_00473	CDS	273	soxD	1.5.3.1		Sarcosine oxidase subunit delta
OFGNKLEL_00474	CDS	846	mtgB_2	2.1.1.-	COG5598	Glycine betaine methyltransferase
OFGNKLEL_00475	CDS	1125	cefD	5.1.1.17	COG0520	Isopenicillin N epimerase
OFGNKLEL_00476	CDS	438				hypothetical protein
OFGNKLEL_00477	CDS	435				hypothetical protein
OFGNKLEL_00478	CDS	588	azoR	1.7.-.-		FMN-dependent NADH-azoreductase
OFGNKLEL_00479	CDS	1038	virS			HTH-type transcriptional regulator VirS
OFGNKLEL_00480	CDS	426				hypothetical protein
OFGNKLEL_00481	CDS	423	fadM	3.1.2.-	COG0824	Long-chain acyl-CoA thioesterase FadM
OFGNKLEL_00482	CDS	708	livF_3		COG0410	High-affinity branched-chain amino acid transport ATP-binding protein LivF
OFGNKLEL_00483	CDS	792	lptB_3	3.6.3.-	COG1137	Lipopolysaccharide export system ATP-binding protein LptB
OFGNKLEL_00484	CDS	1203	rbsC		COG1172	Ribose import permease protein RbsC
OFGNKLEL_00485	CDS	231	livH_2		COG0559	High-affinity branched-chain amino acid transport system permease protein LivH
OFGNKLEL_00486	CDS	828	uppP	3.6.1.27	COG1968	Undecaprenyl-diphosphatase
OFGNKLEL_00487	CDS	1122	oprF			Outer membrane porin F
OFGNKLEL_00488	CDS	1929	moeA_1	2.10.1.1	COG0303	Molybdopterin molybdenumtransferase
OFGNKLEL_00489	CDS	1227	moeA_2	2.10.1.1	COG0303	Molybdopterin molybdenumtransferase
OFGNKLEL_00490	CDS	1281	dapL_1	2.6.1.83		LL-diaminopimelate aminotransferase
OFGNKLEL_00491	CDS	771	rsmA	2.1.1.182		Ribosomal RNA small subunit methyltransferase A
OFGNKLEL_00492	CDS	387	mprA_1		COG0745	Response regulator MprA
OFGNKLEL_00493	CDS	924	yitJ_1		COG0646	Bifunctional homocysteine S-methyltransferase/5,10-methylenetetrahydrofolate reductase
OFGNKLEL_00494	CDS	669				hypothetical protein
OFGNKLEL_00495	CDS	447				hypothetical protein
OFGNKLEL_00496	CDS	3066		1.18.1.2		Ferredoxin--NADP reductase
OFGNKLEL_00497	CDS	915	yitJ_2		COG0646	Bifunctional homocysteine S-methyltransferase/5,10-methylenetetrahydrofolate reductase
OFGNKLEL_00498	CDS	420	rpfC	2.7.13.3	COG0642	Sensory/regulatory protein RpfC
OFGNKLEL_00499	CDS	1257				hypothetical protein
OFGNKLEL_00500	CDS	660				hypothetical protein
OFGNKLEL_00501	CDS	1119				hypothetical protein
OFGNKLEL_00502	CDS	933	hoxY	1.12.1.2		NAD-reducing hydrogenase HoxS subunit delta
OFGNKLEL_00503	CDS	1350	hoxH	1.12.1.2		NAD-reducing hydrogenase HoxS subunit beta
OFGNKLEL_00504	CDS	972	rpfG	3.1.4.-	COG3437	Cyclic di-GMP phosphodiesterase response regulator RpfG
OFGNKLEL_00505	CDS	405	ybgC	3.1.2.-	COG0824	Acyl-CoA thioesterase YbgC
OFGNKLEL_00506	CDS	333				hypothetical protein
OFGNKLEL_00507	CDS	402	crcB		COG0239	Putative fluoride ion transporter CrcB
OFGNKLEL_00508	CDS	372	cbiX	4.99.1.3	COG2138	Sirohydrochlorin cobaltochelatase
OFGNKLEL_00509	CDS	387	ipuF	3.4.-.-		Gamma-glutamyl-L-1-hydroxyisopropylamide hydrolase
OFGNKLEL_00510	CDS	747				hypothetical protein
OFGNKLEL_00511	CDS	576				hypothetical protein
OFGNKLEL_00512	CDS	1182	rlmL	2.1.1.173	COG0116	Ribosomal RNA large subunit methyltransferase L
OFGNKLEL_00513	CDS	1038	aroF_2	2.5.1.54	COG0722	Phospho-2-dehydro-3-deoxyheptonate aldolase, Tyr-sensitive
OFGNKLEL_00514	CDS	891				hypothetical protein
OFGNKLEL_00515	tRNA	76				tRNA-Thr(cgt)
OFGNKLEL_00516	CDS	1050				hypothetical protein
OFGNKLEL_00517	CDS	876	livH_3		COG0559	High-affinity branched-chain amino acid transport system permease protein LivH
OFGNKLEL_00518	CDS	1194			COG0683	Leu/Ile/Val-binding protein 
OFGNKLEL_00519	CDS	780	cysA_2	3.6.3.25	COG1118	Sulfate/thiosulfate import ATP-binding protein CysA
OFGNKLEL_00520	CDS	777	livF_4		COG0410	High-affinity branched-chain amino acid transport ATP-binding protein LivF
OFGNKLEL_00521	CDS	1836		6.2.1.3	COG1022	Long-chain-fatty-acid--CoA ligase FadD15
OFGNKLEL_00522	CDS	1194	cdaA	2.7.7.85	COG1624	Cyclic di-AMP synthase CdaA
OFGNKLEL_00523	CDS	219				Ferredoxin-2
OFGNKLEL_00524	CDS	477				hypothetical protein
OFGNKLEL_00525	CDS	552	mepH	3.4.-.-	COG0791	Murein DD-endopeptidase MepH
OFGNKLEL_00526	CDS	405	btrW	2.7.11.1	COG2172	Serine/threonine-protein kinase BtrW
OFGNKLEL_00527	CDS	345	btrV_1		COG1366	Putative anti-sigma factor antagonist BtrV
OFGNKLEL_00528	CDS	564				hypothetical protein
OFGNKLEL_00529	CDS	1395				hypothetical protein
OFGNKLEL_00530	CDS	672				hypothetical protein
OFGNKLEL_00531	CDS	1341				hypothetical protein
OFGNKLEL_00532	CDS	153				hypothetical protein
OFGNKLEL_00533	CDS	1167				hypothetical protein
OFGNKLEL_00534	CDS	330				hypothetical protein
OFGNKLEL_00535	CDS	921	ppaC_2	3.6.1.1	COG1227	Manganese-dependent inorganic pyrophosphatase
OFGNKLEL_00536	CDS	1965	cckA_7			Sensor kinase CckA
OFGNKLEL_00537	CDS	1068				hypothetical protein
OFGNKLEL_00538	CDS	687				hypothetical protein
OFGNKLEL_00539	CDS	1203	bbsG	1.3.8.3		(R)-benzylsuccinyl-CoA dehydrogenase
OFGNKLEL_00540	CDS	1104	carE	1.3.1.108	COG2025	Caffeyl-CoA reductase-Etf complex subunit CarE
OFGNKLEL_00541	CDS	738	etfB_1			Electron transfer flavoprotein subunit beta
OFGNKLEL_00542	CDS	1578	hisF	4.1.3.-	COG0107	Imidazole glycerol phosphate synthase subunit HisF
OFGNKLEL_00543	CDS	1236	larA_2	5.1.2.1	COG3875	Lactate racemase
OFGNKLEL_00544	CDS	1380	asnS	6.1.1.22	COG0017	Asparagine--tRNA ligase
OFGNKLEL_00545	CDS	951	bchI	6.6.1.1	COG1239	Magnesium-chelatase 38 kDa subunit
OFGNKLEL_00546	CDS	1356				hypothetical protein
OFGNKLEL_00547	CDS	249				hypothetical protein
OFGNKLEL_00548	CDS	2703	cckA_8			Sensor kinase CckA
OFGNKLEL_00549	CDS	324	glrR_1		COG2204	Transcriptional regulatory protein GlrR
OFGNKLEL_00550	CDS	231				hypothetical protein
OFGNKLEL_00551	CDS	333				hypothetical protein
OFGNKLEL_00552	CDS	885	yedA			putative inner membrane transporter YedA
OFGNKLEL_00553	CDS	678	ydfK		COG1811	putative membrane protein YdfK
OFGNKLEL_00554	CDS	825	purQ	6.3.5.3		Phosphoribosylformylglycinamidine synthase subunit PurQ
OFGNKLEL_00555	CDS	1098	purL	6.3.5.3	COG0046	Phosphoribosylformylglycinamidine synthase subunit PurL
OFGNKLEL_00556	CDS	486	mutX	3.6.1.55	COG0494	8-oxo-dGTP diphosphatase
OFGNKLEL_00557	CDS	681	rsmG	2.1.1.170	COG0357	Ribosomal RNA small subunit methyltransferase G
OFGNKLEL_00558	CDS	2082	fusA_1		COG0480	Elongation factor G
OFGNKLEL_00559	CDS	696				hypothetical protein
OFGNKLEL_00560	CDS	1173	mltB_1	4.2.2.-	COG2951	Membrane-bound lytic murein transglycosylase B
OFGNKLEL_00561	CDS	1104	gcvT_2	2.1.2.10	COG0404	Aminomethyltransferase
OFGNKLEL_00562	CDS	867				hypothetical protein
OFGNKLEL_00563	tRNA	76				tRNA-Val(gac)
OFGNKLEL_00564	CDS	921	phnD		COG3221	Phosphate-import protein PhnD
OFGNKLEL_00565	CDS	2019	atoS_3	2.7.13.3	COG0642	Signal transduction histidine-protein kinase AtoS
OFGNKLEL_00566	CDS	363	zraR_5		COG2204	Transcriptional regulatory protein ZraR
OFGNKLEL_00567	CDS	651	lexA	3.4.21.88		LexA repressor
OFGNKLEL_00568	CDS	171				hypothetical protein
OFGNKLEL_00569	CDS	948				hypothetical protein
OFGNKLEL_00570	CDS	435				hypothetical protein
OFGNKLEL_00571	CDS	141				hypothetical protein
OFGNKLEL_00572	CDS	915	uvsE_1	3.-.-.-	COG4294	UV DNA damage endonuclease
OFGNKLEL_00573	CDS	1539				hypothetical protein
OFGNKLEL_00574	CDS	1383	degP	3.4.21.107	COG0265	Periplasmic serine endoprotease DegP
OFGNKLEL_00575	tRNA	76				tRNA-Ala(ggc)
OFGNKLEL_00576	CDS	1893	ppiD	5.2.1.8	COG0760	Peptidyl-prolyl cis-trans isomerase D
OFGNKLEL_00577	CDS	2841	yhjJ		COG0612	Protein YhjJ
OFGNKLEL_00578	CDS	429				hypothetical protein
OFGNKLEL_00579	CDS	1185	iolA_1	1.2.1.-	COG1012	Malonate-semialdehyde dehydrogenase
OFGNKLEL_00580	CDS	429				hypothetical protein
OFGNKLEL_00581	CDS	1362	dgdA	4.1.1.64		2,2-dialkylglycine decarboxylase
OFGNKLEL_00582	CDS	825				hypothetical protein
OFGNKLEL_00583	CDS	1212	nqrF	1.6.5.8	COG2871	Na(+)-translocating NADH-quinone reductase subunit F
OFGNKLEL_00584	CDS	609	nqrE	1.6.5.8	COG2209	Na(+)-translocating NADH-quinone reductase subunit E
OFGNKLEL_00585	CDS	633	nqrD	1.6.5.8	COG1347	Na(+)-translocating NADH-quinone reductase subunit D
OFGNKLEL_00586	CDS	753	nqrC	1.6.5.8	COG2869	Na(+)-translocating NADH-quinone reductase subunit C
OFGNKLEL_00587	CDS	1161	nqrB	1.6.5.8	COG1805	Na(+)-translocating NADH-quinone reductase subunit B
OFGNKLEL_00588	CDS	930	nqrA	1.6.5.8	COG1726	Na(+)-translocating NADH-quinone reductase subunit A
OFGNKLEL_00589	CDS	462	asnC_1		COG1522	Regulatory protein AsnC
OFGNKLEL_00590	CDS	1254	glyA_1	2.1.2.1	COG0112	Serine hydroxymethyltransferase
OFGNKLEL_00591	CDS	492				hypothetical protein
OFGNKLEL_00592	CDS	438				hypothetical protein
OFGNKLEL_00593	CDS	486			COG2885	Outer membrane protein
OFGNKLEL_00594	CDS	261				hypothetical protein
OFGNKLEL_00595	CDS	213				hypothetical protein
OFGNKLEL_00596	CDS	1698	sat/cysC		COG0529	putative bifunctional SAT/APS kinase
OFGNKLEL_00597	CDS	267				hypothetical protein
OFGNKLEL_00598	CDS	1365				hypothetical protein
OFGNKLEL_00599	CDS	198				hypothetical protein
OFGNKLEL_00600	CDS	204				hypothetical protein
OFGNKLEL_00601	CDS	255				hypothetical protein
OFGNKLEL_00602	CDS	231				hypothetical protein
OFGNKLEL_00603	CDS	1281				hypothetical protein
OFGNKLEL_00604	CDS	348	mazF9	3.1.-.-	COG2337	Endoribonuclease MazF9
OFGNKLEL_00605	CDS	249				hypothetical protein
OFGNKLEL_00606	CDS	615	wbpA_1	1.1.1.136	COG0677	UDP-N-acetyl-D-glucosamine 6-dehydrogenase
OFGNKLEL_00607	CDS	1464				hypothetical protein
OFGNKLEL_00608	CDS	441				hypothetical protein
OFGNKLEL_00609	CDS	426	degU_1		COG2197	Transcriptional regulatory protein DegU
OFGNKLEL_00610	CDS	1257				hypothetical protein
OFGNKLEL_00611	CDS	408	nreC_1		COG2197	Oxygen regulatory protein NreC
OFGNKLEL_00612	CDS	231				hypothetical protein
OFGNKLEL_00613	CDS	393				hypothetical protein
OFGNKLEL_00614	CDS	693				hypothetical protein
OFGNKLEL_00615	CDS	2295	hhoA			Putative serine protease HhoA
OFGNKLEL_00616	CDS	1323	rarA		COG2256	Replication-associated recombination protein A
OFGNKLEL_00617	CDS	1449	der		COG1160	GTPase Der
OFGNKLEL_00618	CDS	249				hypothetical protein
OFGNKLEL_00619	CDS	1278	motB		COG1360	Motility protein B
OFGNKLEL_00620	CDS	867				hypothetical protein
OFGNKLEL_00621	CDS	576	nudF	3.6.1.13	COG0494	ADP-ribose pyrophosphatase
OFGNKLEL_00622	CDS	1827	htpX	3.4.24.-		Protease HtpX
OFGNKLEL_00623	CDS	756				hypothetical protein
OFGNKLEL_00624	CDS	426	iscU_1		COG0822	Iron-sulfur cluster assembly scaffold protein IscU
OFGNKLEL_00625	CDS	429	eutC	4.3.1.7	COG4302	Ethanolamine ammonia-lyase light chain
OFGNKLEL_00626	CDS	408				hypothetical protein
OFGNKLEL_00627	CDS	1257	albA	1.21.98.-	COG0535	Antilisterial bacteriocin subtilosin biosynthesis protein AlbA
OFGNKLEL_00628	CDS	441				hypothetical protein
OFGNKLEL_00629	CDS	606	drgA_2			Protein DrgA
OFGNKLEL_00630	CDS	1086	atoS_4	2.7.13.3	COG0642	Signal transduction histidine-protein kinase AtoS
OFGNKLEL_00631	CDS	393	pleD_2			Response regulator PleD
OFGNKLEL_00632	CDS	315				hypothetical protein
OFGNKLEL_00633	CDS	1209	fadF_1	1.-.-.-	COG0247	putative iron-sulfur-binding oxidoreductase FadF
OFGNKLEL_00634	CDS	2475	rsxB_1			Electron transport complex subunit RsxB
OFGNKLEL_00635	CDS	474		6.2.1.3	COG1022	Long-chain-fatty-acid--CoA ligase FadD15
OFGNKLEL_00636	CDS	1113	divK			Polar-differentiation response regulator DivK
OFGNKLEL_00637	CDS	1107		3.1.4.-	COG3437	Cyclic di-GMP phosphodiesterase
OFGNKLEL_00638	CDS	1143	cprA	3.8.1.-		3-chloro-4-hydroxyphenylacetate reductive dehalogenase
OFGNKLEL_00639	CDS	483				hypothetical protein
OFGNKLEL_00640	CDS	2892	glnE_1		COG1391	Bifunctional glutamine synthetase adenylyltransferase/adenylyl-removing enzyme
OFGNKLEL_00641	CDS	1281	dctM_2		COG1593	C4-dicarboxylate TRAP transporter large permease protein DctM
OFGNKLEL_00642	CDS	510	siaT_1		COG1593	Sialic acid TRAP transporter permease protein SiaT
OFGNKLEL_00643	CDS	1023			COG1638	Solute-binding protein
OFGNKLEL_00644	CDS	900			COG5660	putative protein
OFGNKLEL_00645	CDS	1173	kinA_1	2.7.13.3	COG0642	Sporulation kinase A
OFGNKLEL_00646	CDS	558				hypothetical protein
OFGNKLEL_00647	CDS	786	zraR_6		COG2204	Transcriptional regulatory protein ZraR
OFGNKLEL_00648	CDS	762	pstB3_1	3.6.3.27	COG1117	Phosphate import ATP-binding protein PstB 3
OFGNKLEL_00649	CDS	858	pstA1_1		COG0581	Phosphate transport system permease protein PstA 1
OFGNKLEL_00650	CDS	888	pstC_1		COG0573	Phosphate transport system permease protein PstC
OFGNKLEL_00651	CDS	813	pstS1_1		COG0226	Phosphate-binding protein PstS 1
OFGNKLEL_00652	CDS	309				hypothetical protein
OFGNKLEL_00653	CDS	3096	ileS2	6.1.1.5		Isoleucine--tRNA ligase 2
OFGNKLEL_00654	CDS	282				hypothetical protein
OFGNKLEL_00655	CDS	1248	xerD_1		COG4974	Tyrosine recombinase XerD
OFGNKLEL_00656	CDS	999	xerD_2			Tyrosine recombinase XerD
OFGNKLEL_00657	CDS	1017	xerD_3			Tyrosine recombinase XerD
OFGNKLEL_00658	CDS	174				hypothetical protein
OFGNKLEL_00659	CDS	609				hypothetical protein
OFGNKLEL_00660	CDS	180				hypothetical protein
OFGNKLEL_00661	CDS	243				hypothetical protein
OFGNKLEL_00662	CDS	375				hypothetical protein
OFGNKLEL_00663	CDS	1860		2.8.3.-	COG0427	Butanoate coenzyme A-transferase
OFGNKLEL_00664	CDS	492				hypothetical protein
OFGNKLEL_00665	CDS	267	ybiI		COG1734	putative protein YbiI
OFGNKLEL_00666	CDS	2262	ydcP	3.4.-.-	COG0826	putative protease YdcP
OFGNKLEL_00667	CDS	1434				hypothetical protein
OFGNKLEL_00668	CDS	639				hypothetical protein
OFGNKLEL_00669	CDS	570				hypothetical protein
OFGNKLEL_00670	CDS	1059		1.1.1.1		Alcohol dehydrogenase
OFGNKLEL_00671	CDS	1608	yejF_1		COG4172	putative ABC transporter ATP-binding protein YejF
OFGNKLEL_00672	CDS	1032	yejE		COG4239	Inner membrane ABC transporter permease protein YejE
OFGNKLEL_00673	CDS	1086	yejB_2		COG4174	Inner membrane ABC transporter permease protein YejB
OFGNKLEL_00674	CDS	1821	appA_1			Oligopeptide-binding protein AppA
OFGNKLEL_00675	CDS	390	kdnB	1.1.3.48	COG1454	3-deoxy-alpha-D-manno-octulosonate 8-oxidase
OFGNKLEL_00676	CDS	735	kdsB	2.7.7.90	COG1212	8-amino-3,8-dideoxy-manno-octulosonate cytidylyltransferase
OFGNKLEL_00677	CDS	1155	pglA_1	2.4.1.290		N,N'-diacetylbacillosaminyl-diphospho-undecaprenol alpha-1,3-N-acetylgalactosaminyltransferase
OFGNKLEL_00678	CDS	780	sunS	2.4.1.-	COG0463	SPBc2 prophage-derived glycosyltransferase SunS
OFGNKLEL_00679	CDS	792	valG	2.4.1.338	COG0463	Validoxylamine A glucosyltransferase
OFGNKLEL_00680	CDS	1032	rfaC	2.-.-.-	COG0859	Lipopolysaccharide heptosyltransferase 1
OFGNKLEL_00681	CDS	1056	rfaF	2.-.-.-	COG0859	ADP-heptose--LPS heptosyltransferase 2
OFGNKLEL_00682	CDS	894	lpxL	2.3.1.241	COG1560	Lipid A biosynthesis lauroyltransferase
OFGNKLEL_00683	CDS	1134	lpxK	2.7.1.130	COG1663	Tetraacyldisaccharide 4'-kinase
OFGNKLEL_00684	CDS	1752				hypothetical protein
OFGNKLEL_00685	CDS	879	sdhE_1	1.3.5.-	COG2048	8-methylmenaquinol:fumarate reductase membrane anchor subunit
OFGNKLEL_00686	CDS	180				hypothetical protein
OFGNKLEL_00687	CDS	195				hypothetical protein
OFGNKLEL_00688	CDS	1077	lptG		COG0795	Lipopolysaccharide export system permease protein LptG
OFGNKLEL_00689	CDS	1176				hypothetical protein
OFGNKLEL_00690	CDS	666	thiN	2.7.6.2	COG1564	Thiamine pyrophosphokinase
OFGNKLEL_00691	CDS	1683	ilvD	4.2.1.9	COG0129	Dihydroxy-acid dehydratase
OFGNKLEL_00692	CDS	99				hypothetical protein
OFGNKLEL_00693	CDS	753	larB	3.-.-.-	COG1691	Pyridinium-3,5-biscarboxylic acid mononucleotide synthase
OFGNKLEL_00694	CDS	729	cmoA	2.1.3.-	COG0500	Carboxy-S-adenosyl-L-methionine synthase
OFGNKLEL_00695	CDS	972	cmoB	2.5.1.-	COG0500	tRNA U34 carboxymethyltransferase
OFGNKLEL_00696	CDS	225				hypothetical protein
OFGNKLEL_00697	CDS	963	dmsB_1		COG0437	Anaerobic dimethyl sulfoxide reductase chain B
OFGNKLEL_00698	CDS	387				hypothetical protein
OFGNKLEL_00699	CDS	198				hypothetical protein
OFGNKLEL_00700	CDS	111				hypothetical protein
OFGNKLEL_00701	CDS	345	rsxB_2			Electron transport complex subunit RsxB
OFGNKLEL_00702	CDS	360				hypothetical protein
OFGNKLEL_00703	CDS	462				hypothetical protein
OFGNKLEL_00704	CDS	936				Epimerase family protein
OFGNKLEL_00705	CDS	654			COG2932	putative HTH-type transcriptional regulator
OFGNKLEL_00706	CDS	297				hypothetical protein
OFGNKLEL_00707	CDS	1326		3.1.4.-	COG2206	Cyclic di-GMP phosphodiesterase
OFGNKLEL_00708	CDS	2184	bicA		COG0659	Bicarbonate transporter BicA
OFGNKLEL_00709	CDS	1059				hypothetical protein
OFGNKLEL_00710	CDS	1038	astA	2.3.1.109	COG3138	Arginine N-succinyltransferase
OFGNKLEL_00711	CDS	327				hypothetical protein
OFGNKLEL_00712	CDS	1488	siaT_2		COG1593	Sialic acid TRAP transporter permease protein SiaT
OFGNKLEL_00713	CDS	756	glnH		COG0834	Glutamine-binding periplasmic protein
OFGNKLEL_00714	CDS	723	glnP_1		COG0765	Glutamine transport system permease protein GlnP
OFGNKLEL_00715	CDS	735	glnQ_1		COG1126	Glutamine transport ATP-binding protein GlnQ
OFGNKLEL_00716	CDS	1197	kamA_1	5.4.3.2		L-lysine 2,3-aminomutase
OFGNKLEL_00717	CDS	903	hexR_2		COG1737	HTH-type transcriptional regulator HexR
OFGNKLEL_00718	CDS	1074	kamA_2	5.4.3.2		L-lysine 2,3-aminomutase
OFGNKLEL_00719	CDS	918	glsA	3.5.1.2	COG2066	Thermolabile glutaminase
OFGNKLEL_00720	tRNA	77				tRNA-Pro(cgg)
OFGNKLEL_00721	CDS	972	purA	6.3.4.4	COG0104	Adenylosuccinate synthetase
OFGNKLEL_00722	CDS	528				hypothetical protein
OFGNKLEL_00723	CDS	1209	gtfC	2.4.1.-		Glycosyltransferase GtfC
OFGNKLEL_00724	CDS	795	plsC	2.3.1.51	COG0204	1-acyl-sn-glycerol-3-phosphate acyltransferase
OFGNKLEL_00725	CDS	216				hypothetical protein
OFGNKLEL_00726	CDS	474	hrb		COG1773	High molecular weight rubredoxin
OFGNKLEL_00727	CDS	216				hypothetical protein
OFGNKLEL_00728	CDS	297				hypothetical protein
OFGNKLEL_00729	CDS	537				hypothetical protein
OFGNKLEL_00730	CDS	177				hypothetical protein
OFGNKLEL_00731	CDS	1719	degS_2	2.7.13.3		Signal transduction histidine-protein kinase/phosphatase DegS
OFGNKLEL_00732	CDS	1089				hypothetical protein
OFGNKLEL_00733	CDS	387				hypothetical protein
OFGNKLEL_00734	CDS	159				hypothetical protein
OFGNKLEL_00735	CDS	417	xerD_4			Tyrosine recombinase XerD
OFGNKLEL_00736	CDS	2154	pkn1_1	2.7.11.1	COG0515	Serine/threonine-protein kinase pkn1
OFGNKLEL_00737	CDS	1143				hypothetical protein
OFGNKLEL_00738	CDS	3705	glmS	2.6.1.16	COG0449	Glutamine--fructose-6-phosphate aminotransferase [isomerizing]
OFGNKLEL_00739	CDS	1332	spoVD		COG0768	Stage V sporulation protein D
OFGNKLEL_00740	CDS	1815	metG	6.1.1.10	COG0073	Methionine--tRNA ligase
OFGNKLEL_00741	CDS	465	cbaB	1.9.3.1	COG1622	Cytochrome c oxidase subunit 2
OFGNKLEL_00742	CDS	378				hypothetical protein
OFGNKLEL_00743	CDS	234	resA			Thiol-disulfide oxidoreductase ResA
OFGNKLEL_00744	CDS	1980	yccM_1		COG0348	Putative electron transport protein YccM
OFGNKLEL_00745	CDS	504				hypothetical protein
OFGNKLEL_00746	CDS	579				hypothetical protein
OFGNKLEL_00747	CDS	642	phpP	3.1.3.16	COG0631	Protein phosphatase PhpP
OFGNKLEL_00748	CDS	237				hypothetical protein
OFGNKLEL_00749	CDS	357				hypothetical protein
OFGNKLEL_00750	CDS	477				hypothetical protein
OFGNKLEL_00751	CDS	924	cysL_1		COG0583	HTH-type transcriptional regulator CysL
OFGNKLEL_00752	CDS	837	pstS1_2		COG0226	Phosphate-binding protein PstS 1
OFGNKLEL_00753	CDS	852	pstC_2		COG0573	Phosphate transport system permease protein PstC
OFGNKLEL_00754	CDS	852	pstA1_2		COG0581	Phosphate transport system permease protein PstA 1
OFGNKLEL_00755	CDS	708	pstB3_2	3.6.3.27	COG1117	Phosphate import ATP-binding protein PstB 3
OFGNKLEL_00756	CDS	2892	glnE_2		COG1391	Bifunctional glutamine synthetase adenylyltransferase/adenylyl-removing enzyme
OFGNKLEL_00757	CDS	726	dctM_3		COG1593	C4-dicarboxylate TRAP transporter large permease protein DctM
OFGNKLEL_00758	CDS	1371				hypothetical protein
OFGNKLEL_00759	CDS	1104				hypothetical protein
OFGNKLEL_00760	CDS	444	zraS_2	2.7.13.3		Sensor protein ZraS
OFGNKLEL_00761	CDS	1353	atoC_3		COG2204	Regulatory protein AtoC
OFGNKLEL_00762	CDS	252	hypC		COG0298	Hydrogenase maturation factor HypC
OFGNKLEL_00763	CDS	2352	hypF	6.2.-.-	COG0068	Carbamoyltransferase HypF
OFGNKLEL_00764	CDS	1086	hypD		COG0409	Hydrogenase maturation factor HypD
OFGNKLEL_00765	CDS	1011	hypE	4.2.1.-		Carbamoyl dehydratase HypE
OFGNKLEL_00766	CDS	3375	ndhI_1	1.6.5.11		NAD(P)H-quinone oxidoreductase subunit I, chloroplastic
OFGNKLEL_00767	CDS	297				hypothetical protein
OFGNKLEL_00768	CDS	2646	plsB	2.3.1.15	COG2937	Glycerol-3-phosphate acyltransferase
OFGNKLEL_00769	CDS	228				hypothetical protein
OFGNKLEL_00770	CDS	267				hypothetical protein
OFGNKLEL_00771	CDS	687	rnhA_1	3.1.26.4	COG0328	Ribonuclease HI
OFGNKLEL_00772	CDS	1176				hypothetical protein
OFGNKLEL_00773	CDS	1092	hisC_1	2.6.1.9	COG0079	Histidinol-phosphate aminotransferase
OFGNKLEL_00774	CDS	723				hypothetical protein
OFGNKLEL_00775	CDS	1251	gapB	1.2.1.59	COG0057	Glyceraldehyde-3-phosphate dehydrogenase 2
OFGNKLEL_00776	CDS	456	sixA	3.1.3.-	COG2062	Phosphohistidine phosphatase SixA
OFGNKLEL_00777	CDS	378				hypothetical protein
OFGNKLEL_00778	CDS	291				hypothetical protein
OFGNKLEL_00779	CDS	1443				hypothetical protein
OFGNKLEL_00780	CDS	1203				hypothetical protein
OFGNKLEL_00781	CDS	207				hypothetical protein
OFGNKLEL_00782	CDS	159				hypothetical protein
OFGNKLEL_00783	CDS	1047				hypothetical protein
OFGNKLEL_00784	CDS	132				hypothetical protein
OFGNKLEL_00785	CDS	582				hypothetical protein
OFGNKLEL_00786	CDS	1041	degA		COG1609	HTH-type transcriptional regulator DegA
OFGNKLEL_00787	CDS	813		3.1.1.10		Tropinesterase
OFGNKLEL_00788	CDS	1230	dapE_1	3.5.1.18		putative succinyl-diaminopimelate desuccinylase
OFGNKLEL_00789	CDS	336	mazF_1	3.1.-.-	COG2337	Endoribonuclease MazF
OFGNKLEL_00790	CDS	273				hypothetical protein
OFGNKLEL_00791	CDS	3210	crp_1		COG0664	cAMP-activated global transcriptional regulator CRP
OFGNKLEL_00792	CDS	1908				hypothetical protein
OFGNKLEL_00793	CDS	963	oppF_2		COG4608	Oligopeptide transport ATP-binding protein OppF
OFGNKLEL_00794	CDS	981	oppD_2		COG0444	Oligopeptide transport ATP-binding protein OppD
OFGNKLEL_00795	CDS	849	gsiD		COG1173	Glutathione transport system permease protein GsiD
OFGNKLEL_00796	CDS	954	gsiC_1		COG0601	Glutathione transport system permease protein GsiC
OFGNKLEL_00797	CDS	1491	hbpA_1		COG0747	Heme-binding protein A
OFGNKLEL_00798	CDS	1005		3.4.11.-	COG3191	putative aminopeptidase
OFGNKLEL_00799	CDS	483	larA_3	5.1.2.1	COG3875	Lactate racemase
OFGNKLEL_00800	CDS	324				hypothetical protein
OFGNKLEL_00801	CDS	2145				hypothetical protein
OFGNKLEL_00802	CDS	366				hypothetical protein
OFGNKLEL_00803	CDS	747				hypothetical protein
OFGNKLEL_00804	CDS	909				hypothetical protein
OFGNKLEL_00805	CDS	249				hypothetical protein
OFGNKLEL_00806	CDS	261				hypothetical protein
OFGNKLEL_00807	CDS	723	livF_5		COG0410	High-affinity branched-chain amino acid transport ATP-binding protein LivF
OFGNKLEL_00808	CDS	840				hypothetical protein
OFGNKLEL_00809	CDS	453	hspA_1		COG0071	Spore protein SP21
OFGNKLEL_00810	CDS	735	fabG_1	1.1.1.100		3-oxoacyl-[acyl-carrier-protein] reductase
OFGNKLEL_00811	CDS	1593	cckA_9			Sensor kinase CckA
OFGNKLEL_00812	CDS	1626	lnt	2.3.1.-	COG0815	Apolipoprotein N-acyltransferase
OFGNKLEL_00813	CDS	468				hypothetical protein
OFGNKLEL_00814	CDS	1161				Purine-binding protein
OFGNKLEL_00815	CDS	1533	mglA	3.6.3.17	COG1129	Galactose/methyl galactoside import ATP-binding protein MglA
OFGNKLEL_00816	CDS	1080				hypothetical protein
OFGNKLEL_00817	CDS	921				hypothetical protein
OFGNKLEL_00818	CDS	1419	bepA_3	3.4.-.-	COG4783	Beta-barrel assembly-enhancing protease
OFGNKLEL_00819	CDS	2025	fusA_2		COG0480	Elongation factor G
OFGNKLEL_00820	CDS	540				hypothetical protein
OFGNKLEL_00821	CDS	960	ddlB	6.3.2.4	COG1181	D-alanine--D-alanine ligase B
OFGNKLEL_00822	CDS	1764	purD	6.3.4.13	COG0151	Phosphoribosylamine--glycine ligase
OFGNKLEL_00823	CDS	642	ywlC	2.7.7.87	COG0009	Threonylcarbamoyl-AMP synthase
OFGNKLEL_00824	tRNA	87				tRNA-Leu(caa)
OFGNKLEL_00825	CDS	282				hypothetical protein
OFGNKLEL_00826	CDS	1008				hypothetical protein
OFGNKLEL_00827	CDS	516				hypothetical protein
OFGNKLEL_00828	CDS	1161				hypothetical protein
OFGNKLEL_00829	CDS	432				hypothetical protein
OFGNKLEL_00830	CDS	1149	dxr	1.1.1.267	COG0743	1-deoxy-D-xylulose 5-phosphate reductoisomerase
OFGNKLEL_00831	CDS	816	cdsA	2.7.7.41	COG0575	Phosphatidate cytidylyltransferase
OFGNKLEL_00832	CDS	762	uppS	2.5.1.-	COG0020	Isoprenyl transferase
OFGNKLEL_00833	CDS	558	frr		COG0233	Ribosome-recycling factor
OFGNKLEL_00834	CDS	723	pyrH	2.7.4.22	COG0528	Uridylate kinase
OFGNKLEL_00835	CDS	453	tsf_1		COG0264	Elongation factor Ts
OFGNKLEL_00836	CDS	117	tsf_2		COG0264	Elongation factor Ts
OFGNKLEL_00837	CDS	459	rpsB_1		COG0052	30S ribosomal protein S2
OFGNKLEL_00838	CDS	120				hypothetical protein
OFGNKLEL_00839	CDS	3384	cckA_10			Sensor kinase CckA
OFGNKLEL_00840	CDS	2466	abo_1	1.5.3.19		4-methylaminobutanoate oxidase (formaldehyde-forming)
OFGNKLEL_00841	CDS	348				hypothetical protein
OFGNKLEL_00842	CDS	477				hypothetical protein
OFGNKLEL_00843	CDS	756	trmJ	2.1.1.200	COG0565	tRNA (cytidine/uridine-2'-O-)-methyltransferase TrmJ
OFGNKLEL_00844	CDS	852	hisK_1	3.1.3.15	COG1387	Histidinol-phosphatase
OFGNKLEL_00845	CDS	1200	cckA_11			Sensor kinase CckA
OFGNKLEL_00846	CDS	621				hypothetical protein
OFGNKLEL_00847	CDS	519				hypothetical protein
OFGNKLEL_00848	CDS	2301	dmsA	1.8.5.3	COG0243	Dimethyl sulfoxide reductase DmsA
OFGNKLEL_00849	CDS	1149	cph2			Phytochrome-like protein cph2
OFGNKLEL_00850	CDS	231				hypothetical protein
OFGNKLEL_00851	CDS	747	rbn_1	3.1.26.11		Ribonuclease BN
OFGNKLEL_00852	CDS	468				hypothetical protein
OFGNKLEL_00853	CDS	582				hypothetical protein
OFGNKLEL_00854	CDS	363				hypothetical protein
OFGNKLEL_00855	CDS	375				hypothetical protein
OFGNKLEL_00856	CDS	183				hypothetical protein
OFGNKLEL_00857	CDS	720				hypothetical protein
OFGNKLEL_00858	CDS	1080	btrV_2		COG1366	Putative anti-sigma factor antagonist BtrV
OFGNKLEL_00859	CDS	1407	atoC_4		COG2204	Regulatory protein AtoC
OFGNKLEL_00860	CDS	1914			COG0664	Cyclic AMP receptor protein
OFGNKLEL_00861	CDS	627				hypothetical protein
OFGNKLEL_00862	CDS	492	rhtB_1		COG1280	Homoserine/homoserine lactone efflux protein
OFGNKLEL_00863	CDS	1704	carC	1.3.1.108	COG1960	Caffeyl-CoA reductase-Etf complex subunit CarC
OFGNKLEL_00864	CDS	207	secE2		COG3360	Calcium dodecin
OFGNKLEL_00865	CDS	1173				hypothetical protein
OFGNKLEL_00866	CDS	690				hypothetical protein
OFGNKLEL_00867	CDS	324				hypothetical protein
OFGNKLEL_00868	CDS	690				hypothetical protein
OFGNKLEL_00869	CDS	1671				hypothetical protein
OFGNKLEL_00870	CDS	303				hypothetical protein
OFGNKLEL_00871	CDS	1227				hypothetical protein
OFGNKLEL_00872	CDS	1113	proS	6.1.1.15	COG0442	Proline--tRNA ligase
OFGNKLEL_00873	CDS	2154	relA	2.7.6.5	COG0317	GTP pyrophosphokinase
OFGNKLEL_00874	CDS	195	rpmB		COG0227	50S ribosomal protein L28
OFGNKLEL_00875	CDS	654	bamD		COG4105	Outer membrane protein assembly factor BamD
OFGNKLEL_00876	CDS	132	trxB	1.8.1.9		Thioredoxin reductase
OFGNKLEL_00877	CDS	255	cckA_12			Sensor kinase CckA
OFGNKLEL_00878	CDS	381				hypothetical protein
OFGNKLEL_00879	CDS	891	xerC_2			Tyrosine recombinase XerC
OFGNKLEL_00880	CDS	336				hypothetical protein
OFGNKLEL_00881	CDS	774	soj_1	3.6.-.-	COG1192	Sporulation initiation inhibitor protein Soj
OFGNKLEL_00882	CDS	315				hypothetical protein
OFGNKLEL_00883	CDS	981	rbsK	2.7.1.15	COG0524	Ribokinase
OFGNKLEL_00884	CDS	1755	lon_1	3.4.21.53	COG0466	Lon protease
OFGNKLEL_00885	CDS	528	phoP_1		COG0745	Alkaline phosphatase synthesis transcriptional regulatory protein PhoP
OFGNKLEL_00886	CDS	660				hypothetical protein
OFGNKLEL_00887	CDS	1248	sqr	1.8.5.4	COG0446	Sulfide-quinone reductase
OFGNKLEL_00888	CDS	447	cymR			HTH-type transcriptional regulator CymR
OFGNKLEL_00889	CDS	1107	zraS_3	2.7.13.3		Sensor protein ZraS
OFGNKLEL_00890	CDS	1341	zraR_7		COG2204	Transcriptional regulatory protein ZraR
OFGNKLEL_00891	CDS	495				hypothetical protein
OFGNKLEL_00892	CDS	468				hypothetical protein
OFGNKLEL_00893	CDS	321				hypothetical protein
OFGNKLEL_00894	CDS	1293	dctM_4		COG1593	C4-dicarboxylate TRAP transporter large permease protein DctM
OFGNKLEL_00895	CDS	513				hypothetical protein
OFGNKLEL_00896	CDS	369	tsaT			Outer membrane transporter protein TsaT
OFGNKLEL_00897	tRNA	98				tRNA-SeC(tca)
OFGNKLEL_00898	CDS	300				hypothetical protein
OFGNKLEL_00899	CDS	666	nasD	1.7.1.4	COG1251	Nitrite reductase [NAD(P)H]
OFGNKLEL_00900	CDS	963		1.13.12.16	COG2070	Nitronate monooxygenase
OFGNKLEL_00901	CDS	870	yijE			putative cystine transporter YijE
OFGNKLEL_00902	CDS	456				hypothetical protein
OFGNKLEL_00903	CDS	852				hypothetical protein
OFGNKLEL_00904	CDS	1908	nifA_1			Nif-specific regulatory protein
OFGNKLEL_00905	CDS	1311				hypothetical protein
OFGNKLEL_00906	CDS	1290	spmA		COG2715	Spore maturation protein A
OFGNKLEL_00907	CDS	1674	atoS_5	2.7.13.3	COG0642	Signal transduction histidine-protein kinase AtoS
OFGNKLEL_00908	CDS	375	phoP_2		COG0745	Alkaline phosphatase synthesis transcriptional regulatory protein PhoP
OFGNKLEL_00909	CDS	945	zraR_8		COG2204	Transcriptional regulatory protein ZraR
OFGNKLEL_00910	CDS	2136	dnaE_1	2.7.7.7	COG0587	DNA polymerase III subunit alpha
OFGNKLEL_00911	CDS	402				hypothetical protein
OFGNKLEL_00912	CDS	774	tagG		COG1682	Teichoic acid translocation permease protein TagG
OFGNKLEL_00913	CDS	1395	atoC_5		COG2204	Regulatory protein AtoC
OFGNKLEL_00914	CDS	639	pyrC	3.5.2.3	COG0044	Dihydroorotase
OFGNKLEL_00915	CDS	1185		5.1.1.-	COG4948	N-succinyl-L-Arg/Lys racemase
OFGNKLEL_00916	CDS	876				hypothetical protein
OFGNKLEL_00917	CDS	591	mtgB_3	2.1.1.-	COG5598	Glycine betaine methyltransferase
OFGNKLEL_00918	CDS	645				hypothetical protein
OFGNKLEL_00919	CDS	849				hypothetical protein
OFGNKLEL_00920	CDS	1233	rfbE	2.6.1.102	COG0399	GDP-perosamine synthase
OFGNKLEL_00921	CDS	1077				hypothetical protein
OFGNKLEL_00922	CDS	126				hypothetical protein
OFGNKLEL_00923	CDS	240				hypothetical protein
OFGNKLEL_00924	CDS	1296	arlS_1	2.7.13.3	COG0642	Signal transduction histidine-protein kinase ArlS
OFGNKLEL_00925	CDS	1020	xerC_3		COG4974	Tyrosine recombinase XerC
OFGNKLEL_00926	CDS	978	xerC_4		COG4973	Tyrosine recombinase XerC
OFGNKLEL_00927	CDS	957	xerD_5		COG4974	Tyrosine recombinase XerD
OFGNKLEL_00928	CDS	285				hypothetical protein
OFGNKLEL_00929	CDS	543				hypothetical protein
OFGNKLEL_00930	CDS	774			COG1680	putative protein
OFGNKLEL_00931	CDS	444				hypothetical protein
OFGNKLEL_00932	CDS	438				hypothetical protein
OFGNKLEL_00933	CDS	300	higA_1			Antitoxin HigA
OFGNKLEL_00934	CDS	177	higB-1_1		COG3549	Toxin HigB-1
OFGNKLEL_00935	CDS	2268	speE	2.5.1.16		Polyamine aminopropyltransferase
OFGNKLEL_00936	CDS	669	nreC_2		COG2197	Oxygen regulatory protein NreC
OFGNKLEL_00937	CDS	1485	degS_3	2.7.13.3		Signal transduction histidine-protein kinase/phosphatase DegS
OFGNKLEL_00938	CDS	945	dmdC_2	1.3.8.-	COG1960	3-methylmercaptopropionyl-CoA dehydrogenase
OFGNKLEL_00939	CDS	447				hypothetical protein
OFGNKLEL_00940	CDS	870		3.5.1.77		N-carbamoyl-D-amino acid hydrolase
OFGNKLEL_00941	CDS	129				hypothetical protein
OFGNKLEL_00942	CDS	714				hypothetical protein
OFGNKLEL_00943	CDS	540	nadB_1	1.4.3.16	COG0029	L-aspartate oxidase
OFGNKLEL_00944	CDS	318	ftsL			Cell division protein FtsL
OFGNKLEL_00945	CDS	939	rsmH	2.1.1.199		Ribosomal RNA small subunit methyltransferase H
OFGNKLEL_00946	CDS	441	mraZ		COG2001	Transcriptional regulator MraZ
OFGNKLEL_00947	CDS	321				hypothetical protein
OFGNKLEL_00948	CDS	933				hypothetical protein
OFGNKLEL_00949	CDS	534				hypothetical protein
OFGNKLEL_00950	CDS	489	glnG_1		COG2204	DNA-binding transcriptional regulator NtrC
OFGNKLEL_00951	CDS	699				hypothetical protein
OFGNKLEL_00952	CDS	357	tctD_1		COG0745	Transcriptional regulatory protein tctD
OFGNKLEL_00953	CDS	351				hypothetical protein
OFGNKLEL_00954	CDS	840				hypothetical protein
OFGNKLEL_00955	CDS	540				hypothetical protein
OFGNKLEL_00956	CDS	294			COG2963	Insertion element IS6110 uncharacterized 12.0 kDa protein
OFGNKLEL_00957	CDS	846				hypothetical protein
OFGNKLEL_00958	CDS	291				hypothetical protein
OFGNKLEL_00959	CDS	231				hypothetical protein
OFGNKLEL_00960	CDS	714				hypothetical protein
OFGNKLEL_00961	CDS	225				hypothetical protein
OFGNKLEL_00962	CDS	1251	gcvT_3	2.1.2.10		Aminomethyltransferase
OFGNKLEL_00963	CDS	399	gcvH_1			Glycine cleavage system H protein
OFGNKLEL_00964	CDS	2064				hypothetical protein
OFGNKLEL_00965	CDS	1179				hypothetical protein
OFGNKLEL_00966	CDS	1002	btrN_1	1.1.99.38		S-adenosyl-L-methionine-dependent 2-deoxy-scyllo-inosamine dehydrogenase
OFGNKLEL_00967	CDS	693				hypothetical protein
OFGNKLEL_00968	CDS	240				hypothetical protein
OFGNKLEL_00969	CDS	744				hypothetical protein
OFGNKLEL_00970	CDS	1365	hhaIM_1	2.1.1.37		Modification methylase HhaI
OFGNKLEL_00971	CDS	1416	recQ	3.6.4.12	COG0514	ATP-dependent DNA helicase RecQ
OFGNKLEL_00972	CDS	1038				hypothetical protein
OFGNKLEL_00973	CDS	231				hypothetical protein
OFGNKLEL_00974	CDS	1407	zraR_9		COG2204	Transcriptional regulatory protein ZraR
OFGNKLEL_00975	CDS	198				hypothetical protein
OFGNKLEL_00976	CDS	1320				hypothetical protein
OFGNKLEL_00977	CDS	645				hypothetical protein
OFGNKLEL_00978	CDS	753	glnQ_2	3.6.3.-	COG1126	Glutamine transport ATP-binding protein GlnQ
OFGNKLEL_00979	CDS	843	glnP_2		COG0765	Glutamine transport system permease protein GlnP
OFGNKLEL_00980	CDS	714	hemE_1	4.1.1.37		Uroporphyrinogen decarboxylase
OFGNKLEL_00981	CDS	1311				hypothetical protein
OFGNKLEL_00982	CDS	1803	dmdC_3	1.3.8.-	COG1960	3-methylmercaptopropionyl-CoA dehydrogenase
OFGNKLEL_00983	CDS	444				hypothetical protein
OFGNKLEL_00984	CDS	873				hypothetical protein
OFGNKLEL_00985	CDS	231	ghrA_1	1.1.1.79	COG0111	Glyoxylate/hydroxypyruvate reductase A
OFGNKLEL_00986	CDS	2325	cckA_13			Sensor kinase CckA
OFGNKLEL_00987	CDS	1011				hypothetical protein
OFGNKLEL_00988	CDS	459				hypothetical protein
OFGNKLEL_00989	CDS	723	ltrA_2		COG3344	Group II intron-encoded protein LtrA
OFGNKLEL_00990	CDS	1341	hemL1	5.4.3.8	COG0001	Glutamate-1-semialdehyde 2,1-aminomutase 1
OFGNKLEL_00991	CDS	483	lrp_2		COG1522	Leucine-responsive regulatory protein
OFGNKLEL_00992	CDS	936	kce_1	2.3.1.247	COG3246	3-keto-5-aminohexanoate cleavage enzyme
OFGNKLEL_00993	CDS	723				hypothetical protein
OFGNKLEL_00994	CDS	342				hypothetical protein
OFGNKLEL_00995	CDS	957	polA_1	2.7.7.7		DNA polymerase I
OFGNKLEL_00996	CDS	378				hypothetical protein
OFGNKLEL_00997	CDS	246				hypothetical protein
OFGNKLEL_00998	CDS	591	sigW_1		COG1595	ECF RNA polymerase sigma factor SigW
OFGNKLEL_00999	CDS	501				hypothetical protein
OFGNKLEL_01000	CDS	483				hypothetical protein
OFGNKLEL_01001	CDS	258				hypothetical protein
OFGNKLEL_01002	CDS	795	acsE_1	2.1.1.258	COG1410	5-methyltetrahydrofolate:corrinoid/iron-sulfur protein co-methyltransferase
OFGNKLEL_01003	CDS	327				hypothetical protein
OFGNKLEL_01004	CDS	639				hypothetical protein
OFGNKLEL_01005	CDS	240				hypothetical protein
OFGNKLEL_01006	CDS	1170				hypothetical protein
OFGNKLEL_01007	CDS	591				hypothetical protein
OFGNKLEL_01008	CDS	1227	hutI_1	3.5.2.7		Imidazolonepropionase
OFGNKLEL_01009	CDS	1308	atoC_6		COG2204	Regulatory protein AtoC
OFGNKLEL_01010	CDS	1461				hypothetical protein
OFGNKLEL_01011	CDS	312				hypothetical protein
OFGNKLEL_01012	CDS	207				hypothetical protein
OFGNKLEL_01013	CDS	435				hypothetical protein
OFGNKLEL_01014	CDS	228				hypothetical protein
OFGNKLEL_01015	CDS	297				hypothetical protein
OFGNKLEL_01016	CDS	291				hypothetical protein
OFGNKLEL_01017	CDS	618	bdhA	1.1.1.30		D-beta-hydroxybutyrate dehydrogenase
OFGNKLEL_01018	CDS	135				hypothetical protein
OFGNKLEL_01019	CDS	1341				hypothetical protein
OFGNKLEL_01020	CDS	849	ligA_1	6.5.1.1		DNA ligase
OFGNKLEL_01021	CDS	1023				hypothetical protein
OFGNKLEL_01022	CDS	645				hypothetical protein
OFGNKLEL_01023	CDS	864				hypothetical protein
OFGNKLEL_01024	CDS	186				hypothetical protein
OFGNKLEL_01025	CDS	993				hypothetical protein
OFGNKLEL_01026	CDS	702	ogg		COG1059	putative N-glycosylase/DNA lyase
OFGNKLEL_01027	CDS	582	queC_2	6.3.4.20	COG0603	7-cyano-7-deazaguanine synthase
OFGNKLEL_01028	CDS	405				hypothetical protein
OFGNKLEL_01029	CDS	1500				hypothetical protein
OFGNKLEL_01030	CDS	291				hypothetical protein
OFGNKLEL_01031	CDS	255				hypothetical protein
OFGNKLEL_01032	CDS	432				hypothetical protein
OFGNKLEL_01033	CDS	1152				hypothetical protein
OFGNKLEL_01034	CDS	699	yycJ_1	3.-.-.-	COG1235	Putative metallo-hydrolase YycJ
OFGNKLEL_01035	CDS	1071	atoC_7		COG2204	Regulatory protein AtoC
OFGNKLEL_01036	CDS	387	cckA_14			Sensor kinase CckA
OFGNKLEL_01037	CDS	936	yrbG		COG0530	Inner membrane protein YrbG
OFGNKLEL_01038	CDS	363	cckA_15			Sensor kinase CckA
OFGNKLEL_01039	CDS	537				hypothetical protein
OFGNKLEL_01040	CDS	594	guaB	1.1.1.205		Inosine-5'-monophosphate dehydrogenase
OFGNKLEL_01041	CDS	1617	norB	1.7.2.5	COG3256	Nitric oxide reductase subunit B
OFGNKLEL_01042	CDS	474				hypothetical protein
OFGNKLEL_01043	CDS	447				hypothetical protein
OFGNKLEL_01044	CDS	846	cckA_16			Sensor kinase CckA
OFGNKLEL_01045	CDS	816	apc3_1	6.4.1.8	COG0145	Acetophenone carboxylase gamma subunit
OFGNKLEL_01046	CDS	1725	apc4	6.4.1.8	COG0146	Acetophenone carboxylase delta subunit
OFGNKLEL_01047	CDS	1290	paaK	6.2.1.30	COG1541	Phenylacetate-coenzyme A ligase
OFGNKLEL_01048	CDS	882	ndhF	1.17.1.5		Nicotinate dehydrogenase FAD-subunit
OFGNKLEL_01049	CDS	588	xerC_5			Tyrosine recombinase XerC
OFGNKLEL_01050	CDS	444				hypothetical protein
OFGNKLEL_01051	CDS	795				hypothetical protein
OFGNKLEL_01052	CDS	612				hypothetical protein
OFGNKLEL_01053	CDS	867	rpsB_2		COG0052	30S ribosomal protein S2
OFGNKLEL_01054	CDS	873	prmC_1	2.1.1.297	COG2890	Release factor glutamine methyltransferase
OFGNKLEL_01055	CDS	342	prfA_1		COG0216	Peptide chain release factor RF1
OFGNKLEL_01056	CDS	876				hypothetical protein
OFGNKLEL_01057	CDS	285	pyrG_1	6.3.4.2		CTP synthase
OFGNKLEL_01058	CDS	1011		2.3.1.43		Phosphatidylcholine-sterol acyltransferase
OFGNKLEL_01059	CDS	963				hypothetical protein
OFGNKLEL_01060	CDS	492				hypothetical protein
OFGNKLEL_01061	CDS	624	mrpB		COG2111	Na(+)/H(+) antiporter subunit B
OFGNKLEL_01062	CDS	417	mrpC		COG1006	Na(+)/H(+) antiporter subunit C
OFGNKLEL_01063	CDS	1485	mnhD1		COG0651	Na(+)/H(+) antiporter subunit D1
OFGNKLEL_01064	CDS	252				hypothetical protein
OFGNKLEL_01065	CDS	441				hypothetical protein
OFGNKLEL_01066	CDS	618				hypothetical protein
OFGNKLEL_01067	CDS	843				hypothetical protein
OFGNKLEL_01068	CDS	309				hypothetical protein
OFGNKLEL_01069	CDS	699	ygaZ		COG1296	Inner membrane protein YgaZ
OFGNKLEL_01070	CDS	954	cysL_2		COG0583	HTH-type transcriptional regulator CysL
OFGNKLEL_01071	CDS	762	rspR_1		COG1802	HTH-type transcriptional repressor RspR
OFGNKLEL_01072	CDS	2103			COG1123	putative ABC transporter ATP-binding protein
OFGNKLEL_01073	CDS	801				Iron-sulfur cluster carrier protein
OFGNKLEL_01074	CDS	387				hypothetical protein
OFGNKLEL_01075	CDS	360				hypothetical protein
OFGNKLEL_01076	CDS	1467	dctD			C4-dicarboxylate transport transcriptional regulatory protein DctD
OFGNKLEL_01077	CDS	429	mprA_2		COG0745	Response regulator MprA
OFGNKLEL_01078	CDS	915	teaD		COG0589	TRAP-T-associated universal stress protein TeaD
OFGNKLEL_01079	CDS	537				hypothetical protein
OFGNKLEL_01080	CDS	1155	spo0F_1	2.7.-.-	COG0784	Sporulation initiation phosphotransferase F
OFGNKLEL_01081	CDS	1965	atoS_6	2.7.13.3	COG0642	Signal transduction histidine-protein kinase AtoS
OFGNKLEL_01082	CDS	1068	kanE_1	2.4.1.301		Alpha-D-kanosaminyltransferase
OFGNKLEL_01083	CDS	537	lacA	2.3.1.18	COG0110	Galactoside O-acetyltransferase
OFGNKLEL_01084	CDS	1209				hypothetical protein
OFGNKLEL_01085	CDS	828	kanE_2	2.4.1.301		Alpha-D-kanosaminyltransferase
OFGNKLEL_01086	CDS	342	argP			HTH-type transcriptional regulator ArgP
OFGNKLEL_01087	CDS	1608				hypothetical protein
OFGNKLEL_01088	CDS	429	xcpT_1		COG2165	Type II secretion system protein G
OFGNKLEL_01089	CDS	555	thrB	2.7.1.39	COG2334	Homoserine kinase
OFGNKLEL_01090	CDS	1299	lysA_2	4.1.1.20	COG0019	Diaminopimelate decarboxylase
OFGNKLEL_01091	CDS	285				hypothetical protein
OFGNKLEL_01092	CDS	210				hypothetical protein
OFGNKLEL_01093	CDS	264				hypothetical protein
OFGNKLEL_01094	tRNA	74				tRNA-Gln(ctg)
OFGNKLEL_01095	CDS	789	larE	2.8.1.-	COG1606	Pyridinium-3,5-biscarboxylic acid mononucleotide sulfurtransferase
OFGNKLEL_01096	CDS	420	ndk	2.7.4.6		Nucleoside diphosphate kinase
OFGNKLEL_01097	CDS	615	coaE	2.7.1.24	COG0237	Dephospho-CoA kinase
OFGNKLEL_01098	CDS	1248	rho_2	3.6.4.-	COG1158	Transcription termination factor Rho
OFGNKLEL_01099	CDS	219	rpmE		COG0254	50S ribosomal protein L31
OFGNKLEL_01100	CDS	1053	wbpA_2	1.1.1.136	COG0677	UDP-N-acetyl-D-glucosamine 6-dehydrogenase
OFGNKLEL_01101	CDS	1344	rkpK	1.1.1.22	COG1004	UDP-glucose 6-dehydrogenase
OFGNKLEL_01102	CDS	591	pepN	3.4.11.2	COG0308	Aminopeptidase N
OFGNKLEL_01103	CDS	1341	rimO	2.8.4.4	COG0621	Ribosomal protein S12 methylthiotransferase RimO
OFGNKLEL_01104	CDS	1671	htpG		COG0326	Chaperone protein HtpG
OFGNKLEL_01105	CDS	936	gltA2	2.3.3.16	COG0372	Citrate synthase 1
OFGNKLEL_01106	CDS	807	glpQ	3.1.4.46	COG0584	Glycerophosphodiester phosphodiesterase
OFGNKLEL_01107	CDS	1011	ltaE	4.1.2.48	COG2008	Low specificity L-threonine aldolase
OFGNKLEL_01108	CDS	984	mtgB_4	2.1.1.-	COG5598	Glycine betaine methyltransferase
OFGNKLEL_01109	CDS	1005	aziB2	2.1.1.302		3-hydroxy-5-methyl-1-naphthoate 3-O-methyltransferase
OFGNKLEL_01110	CDS	510				hypothetical protein
OFGNKLEL_01111	CDS	987				hypothetical protein
OFGNKLEL_01112	CDS	480				hypothetical protein
OFGNKLEL_01113	CDS	1467				hypothetical protein
OFGNKLEL_01114	CDS	3123	mdtC			Multidrug resistance protein MdtC
OFGNKLEL_01115	CDS	1053	mdtE			Multidrug resistance protein MdtE
OFGNKLEL_01116	CDS	486				hypothetical protein
OFGNKLEL_01117	CDS	594	ubiX	2.5.1.129	COG0163	Flavin prenyltransferase UbiX
OFGNKLEL_01118	CDS	564	nadB_2	1.4.3.16	COG0029	L-aspartate oxidase
OFGNKLEL_01119	CDS	714				hypothetical protein
OFGNKLEL_01120	CDS	387	cheY		COG0784	Chemotaxis protein CheY 
OFGNKLEL_01121	CDS	198	barA	2.7.13.3	COG0784	Signal transduction histidine-protein kinase BarA
OFGNKLEL_01122	CDS	945				hypothetical protein
OFGNKLEL_01123	CDS	1308				hypothetical protein
OFGNKLEL_01124	CDS	456	hrp1			Hypoxic response protein 1
OFGNKLEL_01125	CDS	1332				hypothetical protein
OFGNKLEL_01126	CDS	243				hypothetical protein
OFGNKLEL_01127	CDS	357	prfA_2		COG0216	Peptide chain release factor 1
OFGNKLEL_01128	CDS	747	livF_6		COG0410	High-affinity branched-chain amino acid transport ATP-binding protein LivF
OFGNKLEL_01129	CDS	771	lptB_4	3.6.3.-	COG1137	Lipopolysaccharide export system ATP-binding protein LptB
OFGNKLEL_01130	CDS	993				hypothetical protein
OFGNKLEL_01131	CDS	246				hypothetical protein
OFGNKLEL_01132	CDS	177				hypothetical protein
OFGNKLEL_01133	CDS	216				hypothetical protein
OFGNKLEL_01134	CDS	906				hypothetical protein
OFGNKLEL_01135	CDS	2469	pcrA_1	1.97.1.-	COG0243	Perchlorate reductase subunit alpha
OFGNKLEL_01136	CDS	774				hypothetical protein
OFGNKLEL_01137	CDS	714	sfsA		COG1489	Sugar fermentation stimulation protein A
OFGNKLEL_01138	CDS	564	iscU_2		COG0822	Iron-sulfur cluster assembly scaffold protein IscU
OFGNKLEL_01139	CDS	1173	nifS	2.8.1.7	COG1104	Cysteine desulfurase NifS
OFGNKLEL_01140	CDS	537				hypothetical protein
OFGNKLEL_01141	CDS	732	cbiO_1	3.6.3.-	COG1122	Cobalt import ATP-binding protein CbiO
OFGNKLEL_01142	CDS	1869	ydhV_1	1.-.-.-	COG2414	putative oxidoreductase YdhV
OFGNKLEL_01143	CDS	426				hypothetical protein
OFGNKLEL_01144	CDS	783	recJ	3.1.-.-	COG0608	Single-stranded-DNA-specific exonuclease RecJ
OFGNKLEL_01145	CDS	426	paaI	3.1.2.-	COG2050	Acyl-coenzyme A thioesterase PaaI
OFGNKLEL_01146	CDS	1242	sauU_1			putative sulfoacetate transporter SauU
OFGNKLEL_01147	CDS	960	nadB_3	1.4.3.16	COG0029	L-aspartate oxidase
OFGNKLEL_01148	CDS	246				hypothetical protein
OFGNKLEL_01149	CDS	228				hypothetical protein
OFGNKLEL_01150	CDS	291				hypothetical protein
OFGNKLEL_01151	CDS	645	cpdA	3.1.4.53		3',5'-cyclic adenosine monophosphate phosphodiesterase CpdA
OFGNKLEL_01152	CDS	192				hypothetical protein
OFGNKLEL_01153	CDS	567				hypothetical protein
OFGNKLEL_01154	CDS	1311	ilvC	1.1.1.86	COG0059	Ketol-acid reductoisomerase (NADP(+))
OFGNKLEL_01155	CDS	1566	rny_1	3.1.-.-	COG1418	Ribonuclease Y
OFGNKLEL_01156	CDS	1287	tyrS	6.1.1.1		Tyrosine--tRNA ligase
OFGNKLEL_01157	CDS	732				hypothetical protein
OFGNKLEL_01158	CDS	831				hypothetical protein
OFGNKLEL_01159	CDS	1215	ycaO		COG1944	Ribosomal protein S12 methylthiotransferase accessory factor YcaO
OFGNKLEL_01160	CDS	1236	icd	1.1.1.42	COG0538	Isocitrate dehydrogenase [NADP]
OFGNKLEL_01161	CDS	240				hypothetical protein
OFGNKLEL_01162	CDS	1026				hypothetical protein
OFGNKLEL_01163	CDS	615	eamB		COG1280	Cysteine/O-acetylserine efflux protein
OFGNKLEL_01164	CDS	663	fchA	3.5.4.9	COG3404	Methenyltetrahydrofolate cyclohydrolase
OFGNKLEL_01165	CDS	468				hypothetical protein
OFGNKLEL_01166	CDS	1077				hypothetical protein
OFGNKLEL_01167	CDS	186				hypothetical protein
OFGNKLEL_01168	CDS	576	rbr_2		COG1592	Rubrerythrin
OFGNKLEL_01169	CDS	354				hypothetical protein
OFGNKLEL_01170	CDS	858	proC	1.5.1.2	COG0345	Pyrroline-5-carboxylate reductase
OFGNKLEL_01171	CDS	537	gcvR		COG2716	Glycine cleavage system transcriptional repressor
OFGNKLEL_01172	CDS	1518	lcfB_1	6.2.1.3	COG0318	Long-chain-fatty-acid--CoA ligase
OFGNKLEL_01173	CDS	717	oppF_3		COG4608	Oligopeptide transport ATP-binding protein OppF
OFGNKLEL_01174	CDS	777	lptB_5	3.6.3.-	COG1137	Lipopolysaccharide export system ATP-binding protein LptB
OFGNKLEL_01175	CDS	708	livF_7		COG0410	High-affinity branched-chain amino acid transport ATP-binding protein LivF
OFGNKLEL_01176	CDS	1023	livH_4		COG0559	High-affinity branched-chain amino acid transport system permease protein LivH
OFGNKLEL_01177	CDS	1359				hypothetical protein
OFGNKLEL_01178	CDS	297				hypothetical protein
OFGNKLEL_01179	CDS	1710	frdA	1.3.5.4	COG1053	Fumarate reductase flavoprotein subunit
OFGNKLEL_01180	CDS	735	frdB	1.3.5.1	COG0479	Fumarate reductase iron-sulfur subunit
OFGNKLEL_01181	CDS	1611	fumA	4.2.1.2	COG1838	Fumarate hydratase class I, aerobic
OFGNKLEL_01182	CDS	549				hypothetical protein
OFGNKLEL_01183	CDS	1392	fumC	4.2.1.2	COG0114	Fumarate hydratase class II
OFGNKLEL_01184	CDS	213				hypothetical protein
OFGNKLEL_01185	CDS	501	folA	1.5.1.3	COG0262	Dihydrofolate reductase
OFGNKLEL_01186	CDS	1284				hypothetical protein
OFGNKLEL_01187	CDS	615	rhtB_2		COG1280	Homoserine/homoserine lactone efflux protein
OFGNKLEL_01188	CDS	474	rnhA_2	3.1.26.4		Ribonuclease H
OFGNKLEL_01189	CDS	426				hypothetical protein
OFGNKLEL_01190	CDS	1341				hypothetical protein
OFGNKLEL_01191	CDS	696	gltS	1.4.7.1		Ferredoxin-dependent glutamate synthase 2
OFGNKLEL_01192	CDS	1308	gltB_1	1.4.1.13	COG0067	Glutamate synthase [NADPH] large chain
OFGNKLEL_01193	CDS	291	eutN		COG4576	Ethanolamine utilization protein EutN
OFGNKLEL_01194	CDS	789				hypothetical protein
OFGNKLEL_01195	CDS	618				hypothetical protein
OFGNKLEL_01196	CDS	3486	mfd	3.6.4.-	COG1197	Transcription-repair-coupling factor
OFGNKLEL_01197	CDS	984				hypothetical protein
OFGNKLEL_01198	CDS	636	tmk_1	2.7.4.9	COG0125	Thymidylate kinase
OFGNKLEL_01199	CDS	1461		1.18.1.2		Ferredoxin--NADP reductase
OFGNKLEL_01200	CDS	408	queD	4.1.2.50	COG0720	6-carboxy-5,6,7,8-tetrahydropterin synthase
OFGNKLEL_01201	CDS	1101	dnaJ_3		COG0484	Chaperone protein DnaJ
OFGNKLEL_01202	CDS	702	menG_1	2.1.1.163		Demethylmenaquinone methyltransferase
OFGNKLEL_01203	CDS	492				hypothetical protein
OFGNKLEL_01204	CDS	294				hypothetical protein
OFGNKLEL_01205	CDS	774	soj_2	3.6.-.-	COG1192	Sporulation initiation inhibitor protein Soj
OFGNKLEL_01206	CDS	336				hypothetical protein
OFGNKLEL_01207	CDS	891	xerC_6			Tyrosine recombinase XerC
OFGNKLEL_01208	CDS	381				hypothetical protein
OFGNKLEL_01209	CDS	666	rspR_2		COG1802	HTH-type transcriptional repressor RspR
OFGNKLEL_01210	CDS	186				hypothetical protein
OFGNKLEL_01211	CDS	765	glnQ_3	3.6.3.-	COG1126	Glutamine transport ATP-binding protein GlnQ
OFGNKLEL_01212	CDS	1416	mtgB_5	2.1.1.-	COG5598	Glycine betaine methyltransferase
OFGNKLEL_01213	CDS	876	thlA_1	2.3.1.9	COG0183	Acetyl-CoA acetyltransferase
OFGNKLEL_01214	CDS	792	fadF_2	1.-.-.-	COG0247	putative iron-sulfur-binding oxidoreductase FadF
OFGNKLEL_01215	CDS	231		5.3.1.29		Putative thiazole biosynthetic enzyme
OFGNKLEL_01216	CDS	2670	rsxB_3		COG2878	Electron transport complex subunit RsxB
OFGNKLEL_01217	CDS	1722	amiC	3.5.1.28	COG0860	N-acetylmuramoyl-L-alanine amidase AmiC
OFGNKLEL_01218	CDS	2637	mutS		COG0249	DNA mismatch repair protein MutS
OFGNKLEL_01219	CDS	531	ppiB	5.2.1.8	COG0652	putative peptidyl-prolyl cis-trans isomerase
OFGNKLEL_01220	CDS	384				hypothetical protein
OFGNKLEL_01221	CDS	576				hypothetical protein
OFGNKLEL_01222	CDS	156				hypothetical protein
OFGNKLEL_01223	CDS	321				hypothetical protein
OFGNKLEL_01224	CDS	660				hypothetical protein
OFGNKLEL_01225	CDS	1383	norM_1		COG0534	Multidrug resistance protein NorM
OFGNKLEL_01226	CDS	1362	fdhF	1.17.1.9	COG0243	Formate dehydrogenase H
OFGNKLEL_01227	CDS	813	fdhD		COG1526	Sulfur carrier protein FdhD
OFGNKLEL_01228	CDS	783	carD_1	1.3.1.108	COG2086	Caffeyl-CoA reductase-Etf complex subunit CarD
OFGNKLEL_01229	CDS	447				hypothetical protein
OFGNKLEL_01230	CDS	399				hypothetical protein
OFGNKLEL_01231	CDS	285	ihfB_2		COG0776	Integration host factor subunit beta
OFGNKLEL_01232	CDS	426				hypothetical protein
OFGNKLEL_01233	CDS	858	spsI		COG0558	Bifunctional IPC transferase and DIPP synthase
OFGNKLEL_01234	CDS	204	scoF		COG1278	Cold shock protein ScoF
OFGNKLEL_01235	CDS	1119		3.4.21.-		putative CtpA-like serine protease
OFGNKLEL_01236	CDS	987			COG2861	putative protein
OFGNKLEL_01237	CDS	789				hypothetical protein
OFGNKLEL_01238	CDS	690	lolD_1	3.6.3.-	COG1136	Lipoprotein-releasing system ATP-binding protein LolD
OFGNKLEL_01239	CDS	1224	lolC		COG4591	Lipoprotein-releasing system transmembrane protein LolC
OFGNKLEL_01240	CDS	822	lysS	6.1.1.6	COG1190	Lysine--tRNA ligase
OFGNKLEL_01241	CDS	645	metH_2	2.1.1.13	COG0646	Methionine synthase
OFGNKLEL_01242	CDS	1062				hypothetical protein
OFGNKLEL_01243	CDS	321				hypothetical protein
OFGNKLEL_01244	CDS	303				hypothetical protein
OFGNKLEL_01245	CDS	210				hypothetical protein
OFGNKLEL_01246	CDS	222				hypothetical protein
OFGNKLEL_01247	CDS	477	rimP		COG0779	Ribosome maturation factor RimP
OFGNKLEL_01248	CDS	1389	nusA		COG0195	Transcription termination/antitermination protein NusA
OFGNKLEL_01249	CDS	2901	infB			Translation initiation factor IF-2
OFGNKLEL_01250	CDS	369	rbfA			Ribosome-binding factor A
OFGNKLEL_01251	CDS	906	truB	5.4.99.25	COG0130	tRNA pseudouridine synthase B
OFGNKLEL_01252	CDS	270	rpsO		COG0184	30S ribosomal protein S15
OFGNKLEL_01253	CDS	225				hypothetical protein
OFGNKLEL_01254	CDS	603	fadR_2			Fatty acid metabolism regulator protein
OFGNKLEL_01255	CDS	2064	fadF_3	1.-.-.-	COG0247	putative iron-sulfur-binding oxidoreductase FadF
OFGNKLEL_01256	CDS	1083	lon1_2	3.4.21.53	COG0466	Lon protease 1
OFGNKLEL_01257	CDS	1272	lon_2	3.4.21.53	COG0466	Lon protease
OFGNKLEL_01258	CDS	792	comC			Type 4 prepilin-like proteins leader peptide-processing enzyme
OFGNKLEL_01259	CDS	270	hupA		COG0776	DNA-binding protein HU-alpha
OFGNKLEL_01260	CDS	351				hypothetical protein
OFGNKLEL_01261	CDS	942				hypothetical protein
OFGNKLEL_01262	CDS	807	sadH	1.-.-.-		Putative oxidoreductase SadH
OFGNKLEL_01263	CDS	930	panS		COG0385	Pantothenate precursors transporter PanS
OFGNKLEL_01264	CDS	330	ilvG	2.2.1.6	COG0028	Acetolactate synthase large subunit IlvG
OFGNKLEL_01265	CDS	438	mtgB_6	2.1.1.-	COG5598	Glycine betaine methyltransferase
OFGNKLEL_01266	CDS	1239	chuR	1.1.99.-	COG0641	Anaerobic sulfatase-maturating enzyme
OFGNKLEL_01267	CDS	1572	betC	3.1.6.6	COG3119	Choline-sulfatase
OFGNKLEL_01268	CDS	843	epmA_2	6.3.1.-		Elongation factor P--(R)-beta-lysine ligase
OFGNKLEL_01269	CDS	1242	purT	2.1.2.-		Phosphoribosylglycinamide formyltransferase 2
OFGNKLEL_01270	CDS	1749	ydhV_2	1.-.-.-	COG2414	putative oxidoreductase YdhV
OFGNKLEL_01271	CDS	1371	spuC	2.6.1.113	COG0161	Putrescine--pyruvate aminotransferase
OFGNKLEL_01272	CDS	1047				hypothetical protein
OFGNKLEL_01273	CDS	273				hypothetical protein
OFGNKLEL_01274	tRNA	74				tRNA-Pyl(cta)
OFGNKLEL_01275	CDS	480		3.1.-.-	COG0824	Putative esterase
OFGNKLEL_01276	CDS	1137				hypothetical protein
OFGNKLEL_01277	CDS	996				hypothetical protein
OFGNKLEL_01278	CDS	243	rfbG	4.2.1.45	COG0451	CDP-glucose 4,6-dehydratase
OFGNKLEL_01279	CDS	573	ribE	2.5.1.9		Riboflavin synthase
OFGNKLEL_01280	CDS	1203	ribBA		COG0108	Riboflavin biosynthesis protein RibBA
OFGNKLEL_01281	CDS	474	ribH	2.5.1.78	COG0054	6,7-dimethyl-8-ribityllumazine synthase
OFGNKLEL_01282	CDS	417	nusB		COG0781	Transcription antitermination protein NusB
OFGNKLEL_01283	CDS	795				hypothetical protein
OFGNKLEL_01284	CDS	387		3.1.-.-	COG3744	Ribonuclease VapC22
OFGNKLEL_01285	CDS	228				hypothetical protein
OFGNKLEL_01286	CDS	279				hypothetical protein
OFGNKLEL_01287	CDS	1893	siaT_3		COG1593	Sialic acid TRAP transporter permease protein SiaT
OFGNKLEL_01288	CDS	966				hypothetical protein
OFGNKLEL_01289	CDS	804	asrC	1.8.1.-	COG2221	Anaerobic sulfite reductase subunit C
OFGNKLEL_01290	CDS	747	rsxB_4			Electron transport complex subunit RsxB
OFGNKLEL_01291	CDS	735				hypothetical protein
OFGNKLEL_01292	CDS	1644	hcp_1	1.7.99.1	COG1151	Hydroxylamine reductase
OFGNKLEL_01293	CDS	534	crp_2		COG0664	cAMP-activated global transcriptional regulator CRP
OFGNKLEL_01294	CDS	669				hypothetical protein
OFGNKLEL_01295	CDS	1014	yhdW			Putative amino-acid ABC transporter-binding protein YhdW
OFGNKLEL_01296	CDS	516				hypothetical protein
OFGNKLEL_01297	CDS	837	fabG_2	1.1.1.100		3-oxoacyl-[acyl-carrier-protein] reductase FabG
OFGNKLEL_01298	CDS	306			COG1534	RNA-binding protein
OFGNKLEL_01299	CDS	216	merP			Mercuric transport protein periplasmic component
OFGNKLEL_01300	CDS	1428	cyaB_1	4.6.1.1	COG2114	Adenylate cyclase 2
OFGNKLEL_01301	CDS	474				hypothetical protein
OFGNKLEL_01302	CDS	900				hypothetical protein
OFGNKLEL_01303	CDS	432	fprA2	1.6.3.4	COG0426	Flavo-diiron protein FprA2
OFGNKLEL_01304	CDS	633				hypothetical protein
OFGNKLEL_01305	CDS	897	queE_1	4.3.99.3		7-carboxy-7-deazaguanine synthase
OFGNKLEL_01306	CDS	672				hypothetical protein
OFGNKLEL_01307	CDS	495				hypothetical protein
OFGNKLEL_01308	CDS	609		2.3.1.-	COG0110	Putative acetyltransferase
OFGNKLEL_01309	CDS	1266				hypothetical protein
OFGNKLEL_01310	CDS	324				hypothetical protein
OFGNKLEL_01311	CDS	246				hypothetical protein
OFGNKLEL_01312	CDS	573				hypothetical protein
OFGNKLEL_01313	CDS	600				hypothetical protein
OFGNKLEL_01314	CDS	273				hypothetical protein
OFGNKLEL_01315	CDS	852	rbn_2	3.1.26.11		Ribonuclease BN
OFGNKLEL_01316	CDS	390				hypothetical protein
OFGNKLEL_01317	CDS	216				hypothetical protein
OFGNKLEL_01318	CDS	537				hypothetical protein
OFGNKLEL_01319	CDS	720				hypothetical protein
OFGNKLEL_01320	CDS	879	yitJ_3		COG0646	Bifunctional homocysteine S-methyltransferase/5,10-methylenetetrahydrofolate reductase
OFGNKLEL_01321	CDS	573	spo0F_2	2.7.-.-	COG0784	Sporulation initiation phosphotransferase F
OFGNKLEL_01322	CDS	2112	dnaK_1		COG0443	Chaperone protein DnaK
OFGNKLEL_01323	rRNA	988				16S ribosomal RNA (partial)
OFGNKLEL_01324	CDS	2649	walK_2	2.7.13.3		Sensor histidine kinase WalK
OFGNKLEL_01325	CDS	1536	acr3		COG0798	Arsenical-resistance protein Acr3
OFGNKLEL_01326	CDS	672	yknY_1	3.6.3.-	COG1136	putative ABC transporter ATP-binding protein YknY
OFGNKLEL_01327	CDS	1254	macB_1	3.6.3.-	COG0577	Macrolide export ATP-binding/permease protein MacB
OFGNKLEL_01328	CDS	732				hypothetical protein
OFGNKLEL_01329	CDS	1332				hypothetical protein
OFGNKLEL_01330	CDS	426	fepC_2		COG1120	Ferric enterobactin transport ATP-binding protein FepC
OFGNKLEL_01331	CDS	255	rpmA		COG0211	50S ribosomal protein L27
OFGNKLEL_01332	CDS	312	rplU		COG0261	50S ribosomal protein L21
OFGNKLEL_01333	CDS	1263				hypothetical protein
OFGNKLEL_01334	CDS	1779	walK_3	2.7.13.3		Sensor protein kinase WalK
OFGNKLEL_01335	CDS	690	phoP_3		COG0745	Alkaline phosphatase synthesis transcriptional regulatory protein PhoP
OFGNKLEL_01336	CDS	921				hypothetical protein
OFGNKLEL_01337	CDS	255				hypothetical protein
OFGNKLEL_01338	CDS	738				hypothetical protein
OFGNKLEL_01339	CDS	834				hypothetical protein
OFGNKLEL_01340	CDS	405				hypothetical protein
OFGNKLEL_01341	CDS	417				hypothetical protein
OFGNKLEL_01342	CDS	675	gspF		COG1459	Putative type II secretion system protein F
OFGNKLEL_01343	CDS	1410	secA_1		COG0653	Protein translocase subunit SecA
OFGNKLEL_01344	CDS	309	clpS		COG2127	ATP-dependent Clp protease adapter protein ClpS
OFGNKLEL_01345	CDS	249				hypothetical protein
OFGNKLEL_01346	CDS	426				hypothetical protein
OFGNKLEL_01347	CDS	663	psd	4.1.1.65	COG0688	Phosphatidylserine decarboxylase proenzyme
OFGNKLEL_01348	CDS	744				hypothetical protein
OFGNKLEL_01349	CDS	468	greA		COG0782	Transcription elongation factor GreA
OFGNKLEL_01350	CDS	210	rpoZ	2.7.7.6		DNA-directed RNA polymerase subunit omega
OFGNKLEL_01351	CDS	1332	rsxC_1		COG4656	Electron transport complex subunit RsxC
OFGNKLEL_01352	CDS	318				hypothetical protein
OFGNKLEL_01353	CDS	300	pduA		COG4577	Propanediol utilization protein PduA
OFGNKLEL_01354	CDS	441	hspA_2		COG0071	Spore protein SP21
OFGNKLEL_01355	CDS	387	hspA_3		COG0071	Spore protein SP21
OFGNKLEL_01356	CDS	726				hypothetical protein
OFGNKLEL_01357	CDS	984				hypothetical protein
OFGNKLEL_01358	CDS	1131				Ferredoxin-2
OFGNKLEL_01359	CDS	327	tusE	2.8.1.-	COG2920	Sulfurtransferase TusE
OFGNKLEL_01360	CDS	762	iaaM	1.13.12.3		Tryptophan 2-monooxygenase
OFGNKLEL_01361	CDS	546				hypothetical protein
OFGNKLEL_01362	CDS	486				hypothetical protein
OFGNKLEL_01363	CDS	768	betA	1.1.99.1		Oxygen-dependent choline dehydrogenase
OFGNKLEL_01364	CDS	558				hypothetical protein
OFGNKLEL_01365	CDS	1122	yccM_2		COG0348	Putative electron transport protein YccM
OFGNKLEL_01366	CDS	1026				hypothetical protein
OFGNKLEL_01367	CDS	489	trmL	2.1.1.207	COG0219	tRNA (cytidine(34)-2'-O)-methyltransferase
OFGNKLEL_01368	CDS	273				hypothetical protein
OFGNKLEL_01369	CDS	231				hypothetical protein
OFGNKLEL_01370	CDS	282				hypothetical protein
OFGNKLEL_01371	CDS	429	vapC2_1	3.1.-.-	COG1487	Ribonuclease VapC2
OFGNKLEL_01372	CDS	258				hypothetical protein
OFGNKLEL_01373	CDS	399	vapC2_2	3.1.-.-	COG1487	Ribonuclease VapC2
OFGNKLEL_01374	CDS	237	vapB		COG4456	Antitoxin VapB
OFGNKLEL_01375	CDS	405	vapC_2	3.1.-.-	COG1487	tRNA(fMet)-specific endonuclease VapC
OFGNKLEL_01376	CDS	333				hypothetical protein
OFGNKLEL_01377	CDS	297				hypothetical protein
OFGNKLEL_01378	CDS	270				hypothetical protein
OFGNKLEL_01379	CDS	228				hypothetical protein
OFGNKLEL_01380	CDS	1086	wbpI_1	5.1.3.23	COG0381	UDP-2,3-diacetamido-2,3-dideoxy-D-glucuronate 2-epimerase
OFGNKLEL_01381	CDS	1329	wbpA_3	1.1.1.136	COG0677	UDP-N-acetyl-D-glucosamine 6-dehydrogenase
OFGNKLEL_01382	CDS	129				hypothetical protein
OFGNKLEL_01383	CDS	156				hypothetical protein
OFGNKLEL_01384	CDS	243				hypothetical protein
OFGNKLEL_01385	CDS	828	frdC		COG2009	Fumarate reductase cytochrome b subunit
OFGNKLEL_01386	CDS	867	sucD_1	6.2.1.5	COG0074	Succinate--CoA ligase [ADP-forming] subunit alpha
OFGNKLEL_01387	CDS	1161	sucC	6.2.1.5	COG0045	Succinate--CoA ligase [ADP-forming] subunit beta
OFGNKLEL_01388	CDS	273	rplR_1			50S ribosomal protein L18
OFGNKLEL_01389	CDS	495	rpsE		COG0098	30S ribosomal protein S5
OFGNKLEL_01390	CDS	183	rpmD			50S ribosomal protein L30
OFGNKLEL_01391	CDS	435	rplO		COG0200	50S ribosomal protein L15
OFGNKLEL_01392	CDS	1320	secY		COG0201	Protein translocase subunit SecY
OFGNKLEL_01393	CDS	219	infA		COG0361	Translation initiation factor IF-1
OFGNKLEL_01394	CDS	114	rpmJ		COG0257	50S ribosomal protein L36
OFGNKLEL_01395	CDS	369	rpsM		COG0099	30S ribosomal protein S13
OFGNKLEL_01396	CDS	396	rpsK		COG0100	30S ribosomal protein S11
OFGNKLEL_01397	CDS	627	rpsD		COG0522	30S ribosomal protein S4
OFGNKLEL_01398	CDS	1038	rpoA	2.7.7.6	COG0202	DNA-directed RNA polymerase subunit alpha
OFGNKLEL_01399	CDS	357	rplQ			50S ribosomal protein L17
OFGNKLEL_01400	CDS	1089				hypothetical protein
OFGNKLEL_01401	CDS	1521	fic_2	2.7.7.-	COG3177	Adenosine monophosphate-protein transferase SoFic
OFGNKLEL_01402	CDS	318				hypothetical protein
OFGNKLEL_01403	CDS	459				hypothetical protein
OFGNKLEL_01404	CDS	618				hypothetical protein
OFGNKLEL_01405	CDS	1074	spoIIIE		COG1674	DNA translocase SpoIIIE
OFGNKLEL_01406	CDS	372				hypothetical protein
OFGNKLEL_01407	CDS	732	rsxC_2			Electron transport complex subunit RsxC
OFGNKLEL_01408	tRNA	77				tRNA-Met(cat)
OFGNKLEL_01409	CDS	1869	rpoD		COG0568	RNA polymerase sigma factor RpoD
OFGNKLEL_01410	CDS	1137	dnaG	2.7.7.-	COG0358	DNA primase
OFGNKLEL_01411	CDS	180		3.-.-.-	COG0624	putative hydrolase
OFGNKLEL_01412	CDS	885				hypothetical protein
OFGNKLEL_01413	CDS	492	lrp_3		COG1522	Leucine-responsive regulatory protein
OFGNKLEL_01414	CDS	687	rspR_3		COG1802	HTH-type transcriptional repressor RspR
OFGNKLEL_01415	CDS	1191	uctC	2.8.3.19		Acetyl-CoA:oxalate CoA-transferase
OFGNKLEL_01416	CDS	564				hypothetical protein
OFGNKLEL_01417	CDS	1551				hypothetical protein
OFGNKLEL_01418	CDS	2502	polA_2	2.7.7.7	COG0258	DNA polymerase I
OFGNKLEL_01419	CDS	342				hypothetical protein
OFGNKLEL_01420	CDS	723				hypothetical protein
OFGNKLEL_01421	CDS	831	nadK	2.7.1.23	COG0061	NAD kinase
OFGNKLEL_01422	CDS	1149	hsdR	3.1.21.3		Type-1 restriction enzyme R protein
OFGNKLEL_01423	CDS	2166				Blue-light-activated protein
OFGNKLEL_01424	CDS	2454	glgP	2.4.1.1	COG0058	Glycogen phosphorylase
OFGNKLEL_01425	CDS	204				hypothetical protein
OFGNKLEL_01426	CDS	402				hypothetical protein
OFGNKLEL_01427	CDS	633	mupP	3.1.3.-	COG0546	N-acetylmuramic acid 6-phosphate phosphatase
OFGNKLEL_01428	CDS	1278	sat	2.7.7.4	COG2046	Sulfate adenylyltransferase
OFGNKLEL_01429	CDS	735	gluP	3.4.21.105	COG0705	Rhomboid protease GluP
OFGNKLEL_01430	CDS	615	rhtB_3		COG1280	Homoserine/homoserine lactone efflux protein
OFGNKLEL_01431	CDS	795	dtd3	3.1.1.96		D-aminoacyl-tRNA deacylase
OFGNKLEL_01432	CDS	720	mqnB	3.2.2.26	COG0775	Futalosine hydrolase
OFGNKLEL_01433	CDS	444	aroQ	4.2.1.10		3-dehydroquinate dehydratase
OFGNKLEL_01434	CDS	597				hypothetical protein
OFGNKLEL_01435	CDS	594				hypothetical protein
OFGNKLEL_01436	CDS	1044	mnmA	2.8.1.13		tRNA-specific 2-thiouridylase MnmA
OFGNKLEL_01437	CDS	435	clrB			Chlorate reductase subunit beta
OFGNKLEL_01438	CDS	2163		3.1.1.23		Thermostable monoacylglycerol lipase
OFGNKLEL_01439	CDS	1104	gcvT_4	2.1.2.10	COG0404	Aminomethyltransferase
OFGNKLEL_01440	CDS	891	xerC_7			Tyrosine recombinase XerC
OFGNKLEL_01441	CDS	1035				hypothetical protein
OFGNKLEL_01442	CDS	2796	cckA_17			Sensor kinase CckA
OFGNKLEL_01443	CDS	1428	rocR		COG3829	Arginine utilization regulatory protein RocR
OFGNKLEL_01444	CDS	270				hypothetical protein
OFGNKLEL_01445	CDS	1845	parB_1		COG1475	putative chromosome-partitioning protein ParB
OFGNKLEL_01446	CDS	2670	rhpA	3.6.4.13		DEAD-box ATP-dependent RNA helicase RhpA
OFGNKLEL_01447	CDS	900				hypothetical protein
OFGNKLEL_01448	CDS	1962	cckA_18			Sensor kinase CckA
OFGNKLEL_01449	CDS	2598	cckA_19			Sensor kinase CckA
OFGNKLEL_01450	CDS	381	ytrA		COG1725	HTH-type transcriptional repressor YtrA
OFGNKLEL_01451	CDS	927	qmcA		COG0330	Protein QmcA
OFGNKLEL_01452	CDS	228				hypothetical protein
OFGNKLEL_01453	CDS	339				hypothetical protein
OFGNKLEL_01454	CDS	480	hldE_1		COG2870	Bifunctional protein HldE
OFGNKLEL_01455	CDS	774		1.10.3.-	COG1496	Polyphenol oxidase
OFGNKLEL_01456	CDS	219				hypothetical protein
OFGNKLEL_01457	CDS	402				hypothetical protein
OFGNKLEL_01458	CDS	690	atpB		COG0356	ATP synthase subunit a
OFGNKLEL_01459	CDS	270	atpE			ATP synthase subunit c
OFGNKLEL_01460	CDS	393				hypothetical protein
OFGNKLEL_01461	CDS	255				hypothetical protein
OFGNKLEL_01462	CDS	1173				hypothetical protein
OFGNKLEL_01463	CDS	1113				hypothetical protein
OFGNKLEL_01464	CDS	228	ptsO		COG1925	Phosphocarrier protein NPr
OFGNKLEL_01465	CDS	675	yvdD		COG1611	LOG family protein YvdD
OFGNKLEL_01466	CDS	1944	parE	5.99.1.3	COG0187	DNA topoisomerase 4 subunit B
OFGNKLEL_01467	CDS	1710				hypothetical protein
OFGNKLEL_01468	CDS	486	asnC_2		COG1522	Regulatory protein AsnC
OFGNKLEL_01469	CDS	1350	patA_1	2.6.1.82	COG4992	Putrescine aminotransferase
OFGNKLEL_01470	CDS	1335	rstB	2.7.13.3		Sensor protein RstB
OFGNKLEL_01471	CDS	711	rstA		COG0745	Transcriptional regulatory protein RstA
OFGNKLEL_01472	CDS	609				hypothetical protein
OFGNKLEL_01473	CDS	201	dgkA_1	2.7.1.107	COG0818	Diacylglycerol kinase
OFGNKLEL_01474	CDS	1650	ltaS		COG1368	Lipoteichoic acid synthase
OFGNKLEL_01475	CDS	660				hypothetical protein
OFGNKLEL_01476	CDS	1188	braC_4		COG0683	Leucine-, isoleucine-, valine-, threonine-, and alanine-binding protein
OFGNKLEL_01477	CDS	1011	hemE_2	4.1.1.37		Uroporphyrinogen decarboxylase
OFGNKLEL_01478	CDS	1311	fadF_4	1.-.-.-	COG0247	putative iron-sulfur-binding oxidoreductase FadF
OFGNKLEL_01479	CDS	1446		1.-.-.-	COG0277	putative FAD-linked oxidoreductase
OFGNKLEL_01480	CDS	342	nanR_1			Transcriptional regulator NanR
OFGNKLEL_01481	CDS	573	murD	6.3.2.9	COG0771	UDP-N-acetylmuramoylalanine--D-glutamate ligase
OFGNKLEL_01482	CDS	1128	ftsW	2.4.1.129	COG0772	putative peptidoglycan glycosyltransferase FtsW
OFGNKLEL_01483	CDS	1119	murG	2.4.1.227	COG0707	UDP-N-acetylglucosamine--N-acetylmuramyl-(pentapeptide) pyrophosphoryl-undecaprenol N-acetylglucosamine transferase
OFGNKLEL_01484	CDS	1368	murC	6.3.2.8	COG0773	UDP-N-acetylmuramate--L-alanine ligase
OFGNKLEL_01485	CDS	918	murB	1.3.1.98	COG0812	UDP-N-acetylenolpyruvoylglucosamine reductase
OFGNKLEL_01486	CDS	870	ftsQ			Cell division protein FtsQ
OFGNKLEL_01487	CDS	1227	ftsA_2		COG0849	Cell division protein FtsA
OFGNKLEL_01488	CDS	693	rspR_4		COG1802	HTH-type transcriptional repressor RspR
OFGNKLEL_01489	CDS	252	accB		COG0511	Biotin carboxyl carrier protein of acetyl-CoA carboxylase
OFGNKLEL_01490	CDS	1338	cfiB	6.4.1.7	COG0439	2-oxoglutarate carboxylase small subunit
OFGNKLEL_01491	CDS	777	crnA	3.5.2.10		Creatinine amidohydrolase
OFGNKLEL_01492	CDS	483	bktB	2.3.1.16	COG0183	Beta-ketothiolase BktB
OFGNKLEL_01493	CDS	1122	hbd	1.1.1.157	COG1250	3-hydroxybutyryl-CoA dehydrogenase
OFGNKLEL_01494	CDS	1191	pleD_3			Response regulator PleD
OFGNKLEL_01495	CDS	573				hypothetical protein
OFGNKLEL_01496	CDS	534	nfrA2	1.5.1.39	COG0778	FMN reductase [NAD(P)H]
OFGNKLEL_01497	CDS	396				hypothetical protein
OFGNKLEL_01498	CDS	843	lgt_1	2.4.99.-	COG0682	Prolipoprotein diacylglyceryl transferase
OFGNKLEL_01499	CDS	852		3.5.3.24	COG0010	N(1)-aminopropylagmatine ureohydrolase
OFGNKLEL_01500	CDS	231	aat	2.3.2.6	COG2360	Leucyl/phenylalanyl-tRNA--protein transferase
OFGNKLEL_01501	CDS	207				hypothetical protein
OFGNKLEL_01502	CDS	792				hypothetical protein
OFGNKLEL_01503	CDS	1620		2.7.10.-		Putative tyrosine-protein kinase in cps region
OFGNKLEL_01504	CDS	1161				Ferredoxin-2
OFGNKLEL_01505	CDS	1059				hypothetical protein
OFGNKLEL_01506	CDS	198				hypothetical protein
OFGNKLEL_01507	CDS	1179	rhlB	3.6.4.13	COG0513	ATP-dependent RNA helicase RhlB
OFGNKLEL_01508	CDS	369	tatAd_1			Sec-independent protein translocase protein TatAd
OFGNKLEL_01509	CDS	786	tatC		COG0805	Sec-independent protein translocase protein TatC
OFGNKLEL_01510	CDS	468				Cytochrome c3, 13 kDa
OFGNKLEL_01511	CDS	1416	cbiA_2	6.3.5.11	COG1797	Cobyrinate a,c-diamide synthase
OFGNKLEL_01512	CDS	258	dsvD			Protein DsvD
OFGNKLEL_01513	CDS	570	rny_2	3.1.-.-		Ribonuclease Y
OFGNKLEL_01514	CDS	1299				hypothetical protein
OFGNKLEL_01515	CDS	405				hypothetical protein
OFGNKLEL_01516	CDS	1245	esiB_1			Secretory immunoglobulin A-binding protein EsiB
OFGNKLEL_01517	CDS	1032				hypothetical protein
OFGNKLEL_01518	CDS	672				hypothetical protein
OFGNKLEL_01519	CDS	165				hypothetical protein
OFGNKLEL_01520	CDS	1278	oxlT			Oxalate:formate antiporter
OFGNKLEL_01521	CDS	1767	ade	3.5.4.2	COG1001	Adenine deaminase
OFGNKLEL_01522	CDS	1674	glnS	6.1.1.18	COG0008	Glutamine--tRNA ligase
OFGNKLEL_01523	CDS	492	cysS_1	6.1.1.16		Cysteine--tRNA ligase
OFGNKLEL_01524	CDS	414	bioY		COG1268	Biotin transporter BioY
OFGNKLEL_01525	CDS	756	cbiO_2	3.6.3.-	COG1122	Cobalt import ATP-binding protein CbiO
OFGNKLEL_01526	CDS	756	ecfT		COG0619	Energy-coupling factor transporter transmembrane protein EcfT
OFGNKLEL_01527	CDS	576				hypothetical protein
OFGNKLEL_01528	CDS	957	yxlF_1	3.6.3.-	COG1131	putative ABC transporter ATP-binding protein YxlF
OFGNKLEL_01529	CDS	705				hypothetical protein
OFGNKLEL_01530	CDS	420				hypothetical protein
OFGNKLEL_01531	CDS	1278				hypothetical protein
OFGNKLEL_01532	CDS	1308	lysA_3	4.1.1.20	COG0019	Diaminopimelate decarboxylase
OFGNKLEL_01533	CDS	171				hypothetical protein
OFGNKLEL_01534	CDS	186				hypothetical protein
OFGNKLEL_01535	CDS	702	mtgA_1	2.4.1.129	COG0744	Biosynthetic peptidoglycan transglycosylase
OFGNKLEL_01536	CDS	1050				hypothetical protein
OFGNKLEL_01537	CDS	2409	fadN	1.1.1.35	COG1024	putative 3-hydroxyacyl-CoA dehydrogenase
OFGNKLEL_01538	CDS	1179	fadA	2.3.1.16	COG0183	3-ketoacyl-CoA thiolase
OFGNKLEL_01539	CDS	288	yddM_1		COG3093	putative HTH-type transcriptional regulator YddM
OFGNKLEL_01540	CDS	279	higB_2	3.1.-.-		Endoribonuclease HigB
OFGNKLEL_01541	CDS	1242	sbcD		COG0420	Nuclease SbcCD subunit D
OFGNKLEL_01542	CDS	243	rpsJ		COG0051	30S ribosomal protein S10
OFGNKLEL_01543	CDS	627	rplC		COG0087	50S ribosomal protein L3
OFGNKLEL_01544	CDS	621	rplD		COG0088	50S ribosomal protein L4
OFGNKLEL_01545	CDS	288	rplW		COG0089	50S ribosomal protein L23
OFGNKLEL_01546	CDS	834	rplB			50S ribosomal protein L2
OFGNKLEL_01547	CDS	276	rpsS		COG0185	30S ribosomal protein S19
OFGNKLEL_01548	CDS	339	rplV		COG0091	50S ribosomal protein L22
OFGNKLEL_01549	CDS	651	rpsC		COG0092	30S ribosomal protein S3
OFGNKLEL_01550	CDS	411	rplP		COG0197	50S ribosomal protein L16
OFGNKLEL_01551	CDS	198	rpmC			50S ribosomal protein L29
OFGNKLEL_01552	CDS	261	rpsQ		COG0186	30S ribosomal protein S17
OFGNKLEL_01553	CDS	369	rplN		COG0093	50S ribosomal protein L14
OFGNKLEL_01554	CDS	330	rplX		COG0198	50S ribosomal protein L24
OFGNKLEL_01555	CDS	549	rplE			50S ribosomal protein L5
OFGNKLEL_01556	CDS	399	rpsH		COG0096	30S ribosomal protein S8
OFGNKLEL_01557	CDS	543	rplF			50S ribosomal protein L6
OFGNKLEL_01558	CDS	369	rplR_2			50S ribosomal protein L18
OFGNKLEL_01559	CDS	1266				hypothetical protein
OFGNKLEL_01560	CDS	849	panB_2	2.1.2.11	COG0413	3-methyl-2-oxobutanoate hydroxymethyltransferase
OFGNKLEL_01561	CDS	468	lrp_4		COG1522	Leucine-responsive regulatory protein
OFGNKLEL_01562	CDS	276				hypothetical protein
OFGNKLEL_01563	CDS	474				hypothetical protein
OFGNKLEL_01564	CDS	339				hypothetical protein
OFGNKLEL_01565	CDS	1077				hypothetical protein
OFGNKLEL_01566	CDS	744	rhaS_1			HTH-type transcriptional activator RhaS
OFGNKLEL_01567	CDS	249				hypothetical protein
OFGNKLEL_01568	CDS	168				hypothetical protein
OFGNKLEL_01569	CDS	549				hypothetical protein
OFGNKLEL_01570	CDS	882				hypothetical protein
OFGNKLEL_01571	CDS	261				hypothetical protein
OFGNKLEL_01572	CDS	564	gmk	2.7.4.8	COG0194	Guanylate kinase
OFGNKLEL_01573	CDS	744	rlmB	2.1.1.185	COG0566	23S rRNA (guanosine-2'-O-)-methyltransferase RlmB
OFGNKLEL_01574	CDS	813				hypothetical protein
OFGNKLEL_01575	CDS	453				hypothetical protein
OFGNKLEL_01576	CDS	675				hypothetical protein
OFGNKLEL_01577	CDS	405				hypothetical protein
OFGNKLEL_01578	CDS	684				hypothetical protein
OFGNKLEL_01579	CDS	2448	ynfE	1.8.99.-	COG0243	Putative dimethyl sulfoxide reductase chain YnfE
OFGNKLEL_01580	CDS	339				hypothetical protein
OFGNKLEL_01581	CDS	189				hypothetical protein
OFGNKLEL_01582	CDS	1296				Ferredoxin-3
OFGNKLEL_01583	CDS	951	asd	1.2.1.11	COG0136	Aspartate-semialdehyde dehydrogenase
OFGNKLEL_01584	CDS	804	ndhI_2	1.6.5.11		NAD(P)H-quinone oxidoreductase subunit I, chloroplastic
OFGNKLEL_01585	CDS	405				DNA base-flipping protein
OFGNKLEL_01586	CDS	570				hypothetical protein
OFGNKLEL_01587	CDS	351				hypothetical protein
OFGNKLEL_01588	CDS	1149	pglA_2	2.4.1.290		N,N'-diacetylbacillosaminyl-diphospho-undecaprenol alpha-1,3-N-acetylgalactosaminyltransferase
OFGNKLEL_01589	CDS	291				hypothetical protein
OFGNKLEL_01590	CDS	522				hypothetical protein
OFGNKLEL_01591	CDS	732				hypothetical protein
OFGNKLEL_01592	CDS	1047	uehA_1		COG1638	Ectoine/5-hydroxyectoine-binding periplasmic protein UehA
OFGNKLEL_01593	CDS	558	uehB_1		COG3090	Ectoine/5-hydroxyectoine TRAP transporter small permease protein UehB
OFGNKLEL_01594	CDS	351	hpf		COG1544	Ribosome hibernation promoting factor
OFGNKLEL_01595	CDS	2049	helY	3.6.4.-	COG4581	putative helicase HelY
OFGNKLEL_01596	CDS	378	yabJ_1	3.5.99.10	COG0251	2-iminobutanoate/2-iminopropanoate deaminase
OFGNKLEL_01597	CDS	1683	ettA		COG0488	Energy-dependent translational throttle protein EttA
OFGNKLEL_01598	CDS	1338				hypothetical protein
OFGNKLEL_01599	CDS	747				hypothetical protein
OFGNKLEL_01600	CDS	237	pleD_4			Response regulator PleD
OFGNKLEL_01601	CDS	1395	gdhA	1.4.1.3		NAD(P)-specific glutamate dehydrogenase
OFGNKLEL_01602	CDS	897				hypothetical protein
OFGNKLEL_01603	CDS	414				hypothetical protein
OFGNKLEL_01604	CDS	237				hypothetical protein
OFGNKLEL_01605	CDS	954	dnaA			Chromosomal replication initiator protein DnaA
OFGNKLEL_01606	CDS	1185	arcB	2.7.13.3	COG0642	Aerobic respiration control sensor protein ArcB
OFGNKLEL_01607	CDS	183	aroH	2.5.1.54	COG3200	Phospho-2-dehydro-3-deoxyheptonate aldolase
OFGNKLEL_01608	CDS	2217	clpB1		COG0542	Chaperone protein ClpB 1
OFGNKLEL_01609	CDS	2280	yrrB			TPR repeat-containing protein YrrB
OFGNKLEL_01610	CDS	345				hypothetical protein
OFGNKLEL_01611	CDS	327			COG0327	GTP cyclohydrolase 1 type 2 
OFGNKLEL_01612	CDS	1296	sauU_2			putative sulfoacetate transporter SauU
OFGNKLEL_01613	CDS	921				hypothetical protein
OFGNKLEL_01614	CDS	1053		5.1.1.4	COG3938	Proline racemase
OFGNKLEL_01615	CDS	1191	thiO	1.4.3.19		Glycine oxidase
OFGNKLEL_01616	CDS	729				hypothetical protein
OFGNKLEL_01617	CDS	717	fdoI		COG2864	Formate dehydrogenase, cytochrome b556(fdo) subunit
OFGNKLEL_01618	CDS	1509		1.18.-.-	COG0247	EtfAB:quinone oxidoreductase
OFGNKLEL_01619	CDS	1167				hypothetical protein
OFGNKLEL_01620	CDS	153				hypothetical protein
OFGNKLEL_01621	CDS	846				hypothetical protein
OFGNKLEL_01622	CDS	294			COG2963	Insertion element IS6110 uncharacterized 12.0 kDa protein
OFGNKLEL_01623	CDS	228				hypothetical protein
OFGNKLEL_01624	CDS	393				hypothetical protein
OFGNKLEL_01625	CDS	465	ghrA_2	1.1.1.79	COG0111	Glyoxylate/hydroxypyruvate reductase A
OFGNKLEL_01626	CDS	201				hypothetical protein
OFGNKLEL_01627	CDS	216				hypothetical protein
OFGNKLEL_01628	CDS	141				hypothetical protein
OFGNKLEL_01629	CDS	147				hypothetical protein
OFGNKLEL_01630	CDS	837				hypothetical protein
OFGNKLEL_01631	CDS	414				hypothetical protein
OFGNKLEL_01632	CDS	399				Universal stress protein
OFGNKLEL_01633	CDS	243				hypothetical protein
OFGNKLEL_01634	CDS	1038				hypothetical protein
OFGNKLEL_01635	CDS	969	rsxD		COG4658	Electron transport complex subunit RsxD
OFGNKLEL_01636	CDS	1272	rnfC		COG4656	Electron transport complex subunit RnfC
OFGNKLEL_01637	CDS	366				Acidic cytochrome c3
OFGNKLEL_01638	CDS	462				hypothetical protein
OFGNKLEL_01639	tRNA	76				tRNA-Asn(gtt)
OFGNKLEL_01640	CDS	303				hypothetical protein
OFGNKLEL_01641	CDS	1230	hipA	2.7.11.1	COG3550	Serine/threonine-protein kinase toxin HipA
OFGNKLEL_01642	CDS	1428	hcf136			Ycf48-like protein
OFGNKLEL_01643	CDS	747				hypothetical protein
OFGNKLEL_01644	CDS	1047	quiP_2	3.5.1.97	COG2366	Acyl-homoserine lactone acylase QuiP
OFGNKLEL_01645	CDS	483	phaJ_1	4.2.1.119		(R)-specific enoyl-CoA hydratase
OFGNKLEL_01646	CDS	861	mepM_1	3.4.24.-	COG0739	Murein DD-endopeptidase MepM
OFGNKLEL_01647	CDS	507				hypothetical protein
OFGNKLEL_01648	CDS	468				hypothetical protein
OFGNKLEL_01649	CDS	1452	trkH		COG0168	Trk system potassium uptake protein TrkH
OFGNKLEL_01650	CDS	546	trkA_1		COG0569	Trk system potassium uptake protein TrkA
OFGNKLEL_01651	CDS	237				hypothetical protein
OFGNKLEL_01652	CDS	201				hypothetical protein
OFGNKLEL_01653	CDS	519				hypothetical protein
OFGNKLEL_01654	CDS	1113			COG1373	putative protein
OFGNKLEL_01655	CDS	1566				hypothetical protein
OFGNKLEL_01656	CDS	675	aguA_1	3.5.3.12	COG2957	Agmatine deiminase
OFGNKLEL_01657	CDS	315	aguA_2	3.5.3.12	COG2957	Putative agmatine deiminase
OFGNKLEL_01658	CDS	1050	spuD_1			Putrescine-binding periplasmic protein SpuD
OFGNKLEL_01659	CDS	801	ydcV_1			Inner membrane ABC transporter permease protein YdcV
OFGNKLEL_01660	CDS	906	potB_1		COG1176	Spermidine/putrescine transport system permease protein PotB
OFGNKLEL_01661	CDS	651	potA_1	3.6.3.31		Spermidine/putrescine import ATP-binding protein PotA
OFGNKLEL_01662	CDS	810				hypothetical protein
OFGNKLEL_01663	CDS	2442				hypothetical protein
OFGNKLEL_01664	CDS	621	rutR		COG1309	HTH-type transcriptional regulator RutR
OFGNKLEL_01665	CDS	2169	nreB_1	2.7.13.3		Oxygen sensor histidine kinase NreB
OFGNKLEL_01666	CDS	639	uvrY		COG2197	Response regulator UvrY
OFGNKLEL_01667	CDS	453	sarZ			HTH-type transcriptional regulator SarZ
OFGNKLEL_01668	CDS	342				hypothetical protein
OFGNKLEL_01669	CDS	519				hypothetical protein
OFGNKLEL_01670	CDS	492	mreB_2		COG1077	Rod shape-determining protein MreB
OFGNKLEL_01671	CDS	477				hypothetical protein
OFGNKLEL_01672	CDS	1887	appA_2			Oligopeptide-binding protein AppA
OFGNKLEL_01673	CDS	1008	oppD_3		COG0444	Oligopeptide transport ATP-binding protein OppD
OFGNKLEL_01674	CDS	606				hypothetical protein
OFGNKLEL_01675	CDS	1581	choD	1.1.3.6	COG2303	Cholesterol oxidase
OFGNKLEL_01676	CDS	237				hypothetical protein
OFGNKLEL_01677	CDS	1026				hypothetical protein
OFGNKLEL_01678	CDS	711	rebM_1	2.1.1.164		Demethylrebeccamycin-D-glucose O-methyltransferase
OFGNKLEL_01679	CDS	1260		2.4.1.11	COG0438	Glycogen synthase
OFGNKLEL_01680	tRNA	76				tRNA-Arg(ccg)
OFGNKLEL_01681	CDS	177				hypothetical protein
OFGNKLEL_01682	CDS	654	nfnB	1.-.-.-	COG0778	Nitroreductase NfnB
OFGNKLEL_01683	CDS	357				hypothetical protein
OFGNKLEL_01684	CDS	351				hypothetical protein
OFGNKLEL_01685	CDS	333				hypothetical protein
OFGNKLEL_01686	CDS	996	oleD	1.1.1.412	COG0451	2-alkyl-3-oxoalkanoate reductase
OFGNKLEL_01687	CDS	300	higB_3	3.1.-.-	COG4680	mRNA interferase toxin HigB
OFGNKLEL_01688	CDS	1212				hypothetical protein
OFGNKLEL_01689	CDS	462				hypothetical protein
OFGNKLEL_01690	CDS	423				hypothetical protein
OFGNKLEL_01691	CDS	636				hypothetical protein
OFGNKLEL_01692	CDS	411				hypothetical protein
OFGNKLEL_01693	CDS	174				hypothetical protein
OFGNKLEL_01694	CDS	1032				hypothetical protein
OFGNKLEL_01695	CDS	1206	pbuE		COG2814	Purine efflux pump PbuE
OFGNKLEL_01696	CDS	729	dipZ		COG0785	Protein DipZ
OFGNKLEL_01697	CDS	372	higB-1_2		COG3549	Toxin HigB-1
OFGNKLEL_01698	CDS	1902	acsA_2	6.2.1.1	COG0365	Acetyl-coenzyme A synthetase
OFGNKLEL_01699	CDS	2133	polC	2.7.7.7	COG2176	DNA polymerase III PolC-type
OFGNKLEL_01700	CDS	237				hypothetical protein
OFGNKLEL_01701	CDS	690				hypothetical protein
OFGNKLEL_01702	CDS	780	soj_3	3.6.-.-	COG1192	Sporulation initiation inhibitor protein Soj
OFGNKLEL_01703	CDS	888	xerD_6			Tyrosine recombinase XerD
OFGNKLEL_01704	CDS	717		5.1.1.13		Aspartate racemase
OFGNKLEL_01705	CDS	999	cuyA	4.4.1.25		L-cysteate sulfo-lyase
OFGNKLEL_01706	CDS	231				hypothetical protein
OFGNKLEL_01707	CDS	348				hypothetical protein
OFGNKLEL_01708	CDS	759	yfiC	2.1.1.223	COG4123	tRNA1(Val) (adenine(37)-N6)-methyltransferase
OFGNKLEL_01709	tRNA	91				tRNA-Ser(gga)
OFGNKLEL_01710	CDS	453	ohrR			Organic hydroperoxide resistance transcriptional regulator
OFGNKLEL_01711	CDS	1056	hadC	4.2.1.157	COG1775	(R)-2-hydroxyisocaproyl-CoA dehydratase beta subunit
OFGNKLEL_01712	CDS	1209	fldB	4.2.1.-		(R)-phenyllactyl-CoA dehydratase alpha subunit
OFGNKLEL_01713	CDS	789	hadI	3.-.-.-	COG1924	2-hydroxyisocaproyl-CoA dehydratase activator
OFGNKLEL_01714	CDS	933	yitJ_4		COG0646	Bifunctional homocysteine S-methyltransferase/5,10-methylenetetrahydrofolate reductase
OFGNKLEL_01715	CDS	678				hypothetical protein
OFGNKLEL_01716	CDS	345				hypothetical protein
OFGNKLEL_01717	CDS	513	rsxB_5			Electron transport complex subunit RsxB
OFGNKLEL_01718	CDS	135				hypothetical protein
OFGNKLEL_01719	CDS	1176	dapE_2	3.5.1.18	COG0624	Succinyl-diaminopimelate desuccinylase
OFGNKLEL_01720	CDS	1239	glyA_2	2.1.2.1	COG0112	Serine hydroxymethyltransferase
OFGNKLEL_01721	CDS	384				hypothetical protein
OFGNKLEL_01722	CDS	372	gmd	4.2.1.47	COG1089	GDP-mannose 4,6-dehydratase
OFGNKLEL_01723	CDS	1035	rffG	4.2.1.46	COG1088	dTDP-glucose 4,6-dehydratase 2
OFGNKLEL_01724	CDS	966	fcl	1.1.1.271	COG0451	GDP-L-fucose synthase
OFGNKLEL_01725	CDS	885	rfbA	2.7.7.24	COG1209	Glucose-1-phosphate thymidylyltransferase 1
OFGNKLEL_01726	CDS	567	rmlC	5.1.3.13	COG1898	dTDP-4-dehydrorhamnose 3,5-epimerase
OFGNKLEL_01727	CDS	861	rfbD	1.1.1.133	COG1091	dTDP-4-dehydrorhamnose reductase
OFGNKLEL_01728	CDS	219	hupR1		COG2204	Hydrogenase transcriptional regulatory protein hupR1
OFGNKLEL_01729	CDS	1863	kinD	2.7.13.3		Sporulation kinase D
OFGNKLEL_01730	CDS	465	mprA_3		COG0745	Response regulator MprA
OFGNKLEL_01731	CDS	744	nreB_2	2.7.13.3		Oxygen sensor histidine kinase NreB
OFGNKLEL_01732	CDS	555				hypothetical protein
OFGNKLEL_01733	CDS	381				hypothetical protein
OFGNKLEL_01734	CDS	1455	cusB			Cation efflux system protein CusB
OFGNKLEL_01735	CDS	1419				hypothetical protein
OFGNKLEL_01736	CDS	594	cqsS	2.7.13.3		CAI-1 autoinducer sensor kinase/phosphatase CqsS
OFGNKLEL_01737	CDS	825	cheR	2.1.1.80		Chemotaxis protein methyltransferase
OFGNKLEL_01738	CDS	606	cheB	3.1.1.61	COG2201	Chemotaxis response regulator protein-glutamate methylesterase
OFGNKLEL_01739	CDS	651				hypothetical protein
OFGNKLEL_01740	CDS	957	cysP_1		COG0306	Sulfate permease CysP
OFGNKLEL_01741	CDS	933				hypothetical protein
OFGNKLEL_01742	CDS	1104	potA_2	3.6.3.31		Spermidine/putrescine import ATP-binding protein PotA
OFGNKLEL_01743	CDS	1677	phnV		COG1177	Putative 2-aminoethylphosphonate transport system permease protein PhnV
OFGNKLEL_01744	CDS	1059			COG1840	putative protein
OFGNKLEL_01745	CDS	1245	cckA_20			Sensor kinase CckA
OFGNKLEL_01746	CDS	474	ogt	2.1.1.63	COG0350	Methylated-DNA--protein-cysteine methyltransferase
OFGNKLEL_01747	CDS	912	gloB_1	3.1.2.6		Hydroxyacylglutathione hydrolase
OFGNKLEL_01748	tRNA	76				tRNA-Phe(gaa)
OFGNKLEL_01749	CDS	735	rsmE	2.1.1.193	COG1385	Ribosomal RNA small subunit methyltransferase E
OFGNKLEL_01750	CDS	582				hypothetical protein
OFGNKLEL_01751	CDS	1167	hcnC	1.4.99.5		Hydrogen cyanide synthase subunit HcnC
OFGNKLEL_01752	CDS	2073	soxA_1	1.5.3.1		Sarcosine oxidase subunit alpha
OFGNKLEL_01753	CDS	1731				hypothetical protein
OFGNKLEL_01754	CDS	792	prfC		COG4108	Peptide chain release factor 3
OFGNKLEL_01755	CDS	1089	serC	2.6.1.52		Phosphoserine aminotransferase
OFGNKLEL_01756	CDS	492				hypothetical protein
OFGNKLEL_01757	CDS	561	uehB_2		COG3090	Ectoine/5-hydroxyectoine TRAP transporter small permease protein UehB
OFGNKLEL_01758	CDS	1050	uehA_2		COG1638	Ectoine/5-hydroxyectoine-binding periplasmic protein UehA
OFGNKLEL_01759	CDS	735				hypothetical protein
OFGNKLEL_01760	CDS	1020	topA	5.99.1.2	COG0550	DNA topoisomerase 1
OFGNKLEL_01761	CDS	564	efp		COG0231	Elongation factor P
OFGNKLEL_01762	CDS	693				hypothetical protein
OFGNKLEL_01763	CDS	447				hypothetical protein
OFGNKLEL_01764	CDS	933				hypothetical protein
OFGNKLEL_01765	CDS	876				hypothetical protein
OFGNKLEL_01766	CDS	831				hypothetical protein
OFGNKLEL_01767	CDS	927	eno_1	4.2.1.11	COG0148	Enolase
OFGNKLEL_01768	CDS	594				hypothetical protein
OFGNKLEL_01769	CDS	852	mmgB	1.1.1.157	COG1250	putative 3-hydroxybutyryl-CoA dehydrogenase
OFGNKLEL_01770	CDS	1080	thlA_2	2.3.1.9	COG0183	Acetyl-CoA acetyltransferase
OFGNKLEL_01771	CDS	615				hypothetical protein
OFGNKLEL_01772	CDS	1740	fadD_2	6.2.1.3	COG0318	Long-chain-fatty-acid--CoA ligase
OFGNKLEL_01773	CDS	2061	gyrB	5.99.1.3	COG0187	DNA gyrase subunit B
OFGNKLEL_01774	CDS	435				hypothetical protein
OFGNKLEL_01775	CDS	660				hypothetical protein
OFGNKLEL_01776	CDS	585	alaC	2.6.1.2	COG0436	Glutamate-pyruvate aminotransferase AlaC
OFGNKLEL_01777	CDS	993	ahpF	1.6.99.3	COG3634	NADH dehydrogenase
OFGNKLEL_01778	CDS	3375	pcrA_2	3.6.4.12		ATP-dependent DNA helicase PcrA
OFGNKLEL_01779	CDS	378				hypothetical protein
OFGNKLEL_01780	CDS	576	mltC	4.2.2.-	COG0741	Membrane-bound lytic murein transglycosylase C
OFGNKLEL_01781	CDS	861	gtaB	2.7.7.9	COG1210	UTP--glucose-1-phosphate uridylyltransferase
OFGNKLEL_01782	CDS	792				hypothetical protein
OFGNKLEL_01783	CDS	1035	dapA	4.3.3.7	COG0329	4-hydroxy-tetrahydrodipicolinate synthase
OFGNKLEL_01784	CDS	678	lapB			Lipopolysaccharide assembly protein B
OFGNKLEL_01785	CDS	1095				hypothetical protein
OFGNKLEL_01786	CDS	1329	dsvA		COG2221	Sulfite reductase, dissimilatory-type subunit alpha
OFGNKLEL_01787	CDS	132				hypothetical protein
OFGNKLEL_01788	CDS	732	dppC_2		COG1173	Dipeptide transport system permease protein DppC
OFGNKLEL_01789	CDS	963	oppD_4		COG0444	Oligopeptide transport ATP-binding protein OppD
OFGNKLEL_01790	CDS	1023	oppF_4		COG4608	Oligopeptide transport ATP-binding protein OppF
OFGNKLEL_01791	CDS	2340				hypothetical protein
OFGNKLEL_01792	CDS	720				hypothetical protein
OFGNKLEL_01793	CDS	1545	cyaA	4.6.1.1	COG2114	Adenylate cyclase 1
OFGNKLEL_01794	CDS	999	hcrB	1.3.7.9		4-hydroxybenzoyl-CoA reductase subunit beta
OFGNKLEL_01795	CDS	498	ndhS	1.17.1.5		Nicotinate dehydrogenase small FeS subunit
OFGNKLEL_01796	CDS	2277	hcrA	1.3.7.9		4-hydroxybenzoyl-CoA reductase subunit alpha
OFGNKLEL_01797	CDS	405				hypothetical protein
OFGNKLEL_01798	CDS	633				hypothetical protein
OFGNKLEL_01799	CDS	822	fliY		COG0834	L-cystine-binding protein FliY
OFGNKLEL_01800	CDS	1017	glnM		COG0765	putative glutamine ABC transporter permease protein GlnM
OFGNKLEL_01801	CDS	732	glnQ_4	3.6.3.-	COG1126	Glutamine transport ATP-binding protein GlnQ
OFGNKLEL_01802	CDS	183				hypothetical protein
OFGNKLEL_01803	CDS	1401	atoC_8		COG2204	Regulatory protein AtoC
OFGNKLEL_01804	CDS	222	lgt_2	2.4.99.-		Prolipoprotein diacylglyceryl transferase
OFGNKLEL_01805	CDS	1272	yqeN		COG1466	putative protein YqeN
OFGNKLEL_01806	CDS	1419	pyk	2.7.1.40	COG0469	Pyruvate kinase
OFGNKLEL_01807	CDS	879	lipA	2.8.1.8	COG0320	Lipoyl synthase
OFGNKLEL_01808	CDS	750	lipB	2.3.1.181	COG0321	Octanoyltransferase
OFGNKLEL_01809	CDS	1458	gcvPB	1.4.4.2		putative glycine dehydrogenase (decarboxylating) subunit 2
OFGNKLEL_01810	CDS	333	gcvPA	1.4.4.2		putative glycine dehydrogenase (decarboxylating) subunit 1
OFGNKLEL_01811	CDS	249				hypothetical protein
OFGNKLEL_01812	CDS	747				hypothetical protein
OFGNKLEL_01813	CDS	1719				hypothetical protein
OFGNKLEL_01814	CDS	342				hypothetical protein
OFGNKLEL_01815	CDS	219	fimA			Fimbrial protein
OFGNKLEL_01816	CDS	885		2.4.2.45	COG0382	Decaprenyl-phosphate phosphoribosyltransferase
OFGNKLEL_01817	CDS	1071	rfaQ	2.-.-.-	COG0859	Lipopolysaccharide core heptosyltransferase RfaQ
OFGNKLEL_01818	CDS	648				hypothetical protein
OFGNKLEL_01819	CDS	1221	yhbU_1	3.4.-.-	COG0826	putative protease YhbU
OFGNKLEL_01820	tRNA	75				tRNA-Arg(cct)
OFGNKLEL_01821	CDS	792				hypothetical protein
OFGNKLEL_01822	CDS	237				hypothetical protein
OFGNKLEL_01823	CDS	168				hypothetical protein
OFGNKLEL_01824	CDS	339				hypothetical protein
OFGNKLEL_01825	CDS	411				hypothetical protein
OFGNKLEL_01826	CDS	864	dapF	5.1.1.7	COG0253	Diaminopimelate epimerase
OFGNKLEL_01827	CDS	696	rnd	3.1.13.5		Ribonuclease D
OFGNKLEL_01828	CDS	831		6.2.1.30	COG1541	Phenylacetate-coenzyme A ligase
OFGNKLEL_01829	CDS	462				hypothetical protein
OFGNKLEL_01830	CDS	1803				hypothetical protein
OFGNKLEL_01831	CDS	210				hypothetical protein
OFGNKLEL_01832	CDS	1608	cckA_21			Sensor kinase CckA
OFGNKLEL_01833	CDS	444	rcp1			Response regulator rcp1
OFGNKLEL_01834	CDS	684	purH_1		COG0138	Bifunctional purine biosynthesis protein PurH
OFGNKLEL_01835	CDS	1251	purH_2		COG0138	Bifunctional purine biosynthesis protein PurH
OFGNKLEL_01836	CDS	1653	rnr	3.1.13.1	COG0557	Ribonuclease R
OFGNKLEL_01837	CDS	918				hypothetical protein
OFGNKLEL_01838	CDS	1515				hypothetical protein
OFGNKLEL_01839	CDS	819	fabG_3	1.1.1.100		3-oxoacyl-[acyl-carrier-protein] reductase FabG
OFGNKLEL_01840	CDS	744				hypothetical protein
OFGNKLEL_01841	CDS	438	aprB			Adenylylsulfate reductase subunit beta
OFGNKLEL_01842	CDS	300				hypothetical protein
OFGNKLEL_01843	CDS	906				hypothetical protein
OFGNKLEL_01844	CDS	297				hypothetical protein
OFGNKLEL_01845	CDS	1308				hypothetical protein
OFGNKLEL_01846	CDS	429				hypothetical protein
OFGNKLEL_01847	CDS	132				hypothetical protein
OFGNKLEL_01848	CDS	867	potB_2		COG1176	Spermidine/putrescine transport system permease protein PotB
OFGNKLEL_01849	CDS	801	ydcV_2			Inner membrane ABC transporter permease protein YdcV
OFGNKLEL_01850	CDS	1161	spuD_2			Putrescine-binding periplasmic protein SpuD
OFGNKLEL_01851	CDS	396				hypothetical protein
OFGNKLEL_01852	CDS	480				hypothetical protein
OFGNKLEL_01853	CDS	156				hypothetical protein
OFGNKLEL_01854	CDS	180				hypothetical protein
OFGNKLEL_01855	CDS	495				hypothetical protein
OFGNKLEL_01856	CDS	1635	lon1_3	3.4.21.53	COG0466	Lon protease 1
OFGNKLEL_01857	CDS	507	uvrB			UvrABC system protein B
OFGNKLEL_01858	CDS	1821	uvrC		COG0322	UvrABC system protein C
OFGNKLEL_01859	CDS	555				hypothetical protein
OFGNKLEL_01860	CDS	255				hypothetical protein
OFGNKLEL_01861	CDS	240				hypothetical protein
OFGNKLEL_01862	CDS	1239			COG1373	putative protein
OFGNKLEL_01863	CDS	1869	aroF_3	2.5.1.54	COG2876	Phospho-2-dehydro-3-deoxyheptonate aldolase
OFGNKLEL_01864	CDS	1752	yhgF		COG2183	Protein YhgF
OFGNKLEL_01865	CDS	498	tpx	1.11.1.15	COG2077	Thiol peroxidase
OFGNKLEL_01866	CDS	1995				hypothetical protein
OFGNKLEL_01867	CDS	369				hypothetical protein
OFGNKLEL_01868	CDS	144				hypothetical protein
OFGNKLEL_01869	CDS	969	dmsB_2		COG0437	Anaerobic dimethyl sulfoxide reductase chain B
OFGNKLEL_01870	CDS	447				hypothetical protein
OFGNKLEL_01871	CDS	540				hypothetical protein
OFGNKLEL_01872	CDS	261				hypothetical protein
OFGNKLEL_01873	CDS	741	mkl		COG1127	putative ribonucleotide transport ATP-binding protein mkl
OFGNKLEL_01874	CDS	453	mlaD		COG1463	putative phospholipid ABC transporter-binding protein MlaD
OFGNKLEL_01875	CDS	843	mlaA		COG2853	putative phospholipid-binding lipoprotein MlaA
OFGNKLEL_01876	CDS	579	ybeM	3.5.1.-		Deaminated glutathione amidase
OFGNKLEL_01877	CDS	1416	purF_2	2.4.2.14	COG0034	Amidophosphoribosyltransferase
OFGNKLEL_01878	CDS	3231	carB	6.3.5.5	COG0458	Carbamoyl-phosphate synthase large chain
OFGNKLEL_01879	CDS	1143	carA	6.3.5.5	COG0505	Carbamoyl-phosphate synthase small chain
OFGNKLEL_01880	CDS	864				hypothetical protein
OFGNKLEL_01881	CDS	1092				hypothetical protein
OFGNKLEL_01882	CDS	318				hypothetical protein
OFGNKLEL_01883	CDS	1530				hypothetical protein
OFGNKLEL_01884	CDS	1263	pncC	3.5.1.42	COG1058	Nicotinamide-nucleotide amidohydrolase PncC
OFGNKLEL_01885	CDS	804				hypothetical protein
OFGNKLEL_01886	CDS	1401	rlmCD	2.1.1.189	COG2265	23S rRNA (uracil-C(5))-methyltransferase RlmCD
OFGNKLEL_01887	CDS	1875		2.8.3.-	COG0427	Butanoate coenzyme A-transferase
OFGNKLEL_01888	CDS	636	bm3R1			HTH-type transcriptional repressor Bm3R1
OFGNKLEL_01889	CDS	1020	yeiR	3.6.-.-	COG0523	Zinc-binding GTPase YeiR
OFGNKLEL_01890	CDS	246				hypothetical protein
OFGNKLEL_01891	CDS	243				hypothetical protein
OFGNKLEL_01892	CDS	324				hypothetical protein
OFGNKLEL_01893	CDS	396				hypothetical protein
OFGNKLEL_01894	CDS	936	hemE_3	4.1.1.37		Uroporphyrinogen decarboxylase
OFGNKLEL_01895	CDS	627				hypothetical protein
OFGNKLEL_01896	CDS	135				hypothetical protein
OFGNKLEL_01897	CDS	183	phaJ_2	4.2.1.119		(R)-specific enoyl-CoA hydratase
OFGNKLEL_01898	CDS	348	slyA		COG1846	Transcriptional regulator SlyA
OFGNKLEL_01899	CDS	306				hypothetical protein
OFGNKLEL_01900	CDS	1167	kefB			Glutathione-regulated potassium-efflux system protein KefB
OFGNKLEL_01901	CDS	1437	cckA_22			Sensor kinase CckA
OFGNKLEL_01902	CDS	957		1.5.1.49	COG2423	Delta(1)-pyrroline-2-carboxylate reductase
OFGNKLEL_01903	CDS	612				hypothetical protein
OFGNKLEL_01904	CDS	582				hypothetical protein
OFGNKLEL_01905	CDS	1365	purB	4.3.2.2	COG0015	Adenylosuccinate lyase
OFGNKLEL_01906	CDS	1524				hypothetical protein
OFGNKLEL_01907	CDS	339				hypothetical protein
OFGNKLEL_01908	CDS	1380	zraR_10		COG2204	Transcriptional regulatory protein ZraR
OFGNKLEL_01909	CDS	1773	zraS_4	2.7.13.3		Sensor protein ZraS
OFGNKLEL_01910	CDS	900		1.1.1.-	COG1028	Putative short-chain type dehydrogenase/reductase
OFGNKLEL_01911	CDS	396	glrR_2		COG2204	Transcriptional regulatory protein GlrR
OFGNKLEL_01912	CDS	186				hypothetical protein
OFGNKLEL_01913	CDS	705	walR_2		COG0745	Transcriptional regulatory protein WalR
OFGNKLEL_01914	CDS	1737	walK_4	2.7.13.3		Sensor histidine kinase WalK
OFGNKLEL_01915	CDS	408				hypothetical protein
OFGNKLEL_01916	CDS	180				hypothetical protein
OFGNKLEL_01917	CDS	594	fadR_3			Fatty acid metabolism regulator protein
OFGNKLEL_01918	CDS	2193	pat	2.3.1.-	COG0454	Protein lysine acetyltransferase Pat
OFGNKLEL_01919	CDS	798	mgtE		COG2239	Magnesium transporter MgtE
OFGNKLEL_01920	CDS	294		2.1.3.1	COG4799	Methylmalonyl-CoA carboxyltransferase 12S subunit
OFGNKLEL_01921	CDS	222				hypothetical protein
OFGNKLEL_01922	CDS	2013	cfiA	6.4.1.7	COG0511	2-oxoglutarate carboxylase large subunit
OFGNKLEL_01923	CDS	678				hypothetical protein
OFGNKLEL_01924	CDS	516				hypothetical protein
OFGNKLEL_01925	CDS	984	gpmI	5.4.2.12		2,3-bisphosphoglycerate-independent phosphoglycerate mutase
OFGNKLEL_01926	CDS	897	yitJ_5		COG0646	Bifunctional homocysteine S-methyltransferase/5,10-methylenetetrahydrofolate reductase
OFGNKLEL_01927	CDS	720				hypothetical protein
OFGNKLEL_01928	CDS	996			COG1638	Solute-binding protein
OFGNKLEL_01929	CDS	717				hypothetical protein
OFGNKLEL_01930	CDS	972	tas		COG0667	Protein tas
OFGNKLEL_01931	CDS	672	mcbR_1		COG1802	HTH-type transcriptional regulator McbR
OFGNKLEL_01932	CDS	825				hypothetical protein
OFGNKLEL_01933	CDS	681				hypothetical protein
OFGNKLEL_01934	CDS	2868			COG0247	putative protein
OFGNKLEL_01935	CDS	1173	sgaA	2.6.1.45	COG0075	Serine--glyoxylate aminotransferase
OFGNKLEL_01936	CDS	1215	hacA	4.2.1.36	COG0065	Homoaconitase large subunit
OFGNKLEL_01937	CDS	990	gutB	1.1.1.14	COG1063	Sorbitol dehydrogenase
OFGNKLEL_01938	CDS	1506				hypothetical protein
OFGNKLEL_01939	CDS	507				hypothetical protein
OFGNKLEL_01940	CDS	981				hypothetical protein
OFGNKLEL_01941	CDS	663	rspR_5		COG1802	HTH-type transcriptional repressor RspR
OFGNKLEL_01942	CDS	1203	ackA	2.7.2.1	COG0282	Acetate kinase
OFGNKLEL_01943	CDS	1968	prkC	2.7.11.1	COG0515	Serine/threonine-protein kinase PrkC
OFGNKLEL_01944	CDS	435				hypothetical protein
OFGNKLEL_01945	CDS	564				hypothetical protein
OFGNKLEL_01946	CDS	2823	uvrA_1			UvrABC system protein A
OFGNKLEL_01947	CDS	348	pdxA2	1.1.1.408	COG1995	D-threonate 4-phosphate dehydrogenase
OFGNKLEL_01948	CDS	1902	ydhV_3	1.-.-.-	COG2414	putative oxidoreductase YdhV
OFGNKLEL_01949	CDS	153				hypothetical protein
OFGNKLEL_01950	CDS	825		5.4.99.-	COG0564	putative RNA pseudouridine synthase
OFGNKLEL_01951	CDS	96				hypothetical protein
OFGNKLEL_01952	CDS	1563	ydhV_4	1.-.-.-	COG2414	putative oxidoreductase YdhV
OFGNKLEL_01953	CDS	1206	dmg	1.5.3.10		Dimethylglycine oxidase
OFGNKLEL_01954	CDS	2835	apc3_2	6.4.1.8	COG0145	Acetophenone carboxylase gamma subunit
OFGNKLEL_01955	CDS	1590	gsiB		COG0747	Glutathione-binding protein GsiB
OFGNKLEL_01956	CDS	1617	yejF_2		COG4172	putative ABC transporter ATP-binding protein YejF
OFGNKLEL_01957	CDS	615	fdtC	2.3.1.197		dTDP-3-amino-3,6-dideoxy-alpha-D-galactopyranose 3-N-acetyltransferase
OFGNKLEL_01958	CDS	1128	tuaC	2.4.-.-	COG0438	Putative teichuronic acid biosynthesis glycosyltransferase TuaC
OFGNKLEL_01959	CDS	744	ubiE_1	2.1.1.163		Ubiquinone/menaquinone biosynthesis C-methyltransferase UbiE
OFGNKLEL_01960	CDS	327	recR		COG0353	Recombination protein RecR
OFGNKLEL_01961	CDS	438				hypothetical protein
OFGNKLEL_01962	CDS	552	yfbR	3.1.3.89		5'-deoxynucleotidase YfbR
OFGNKLEL_01963	CDS	1029				hypothetical protein
OFGNKLEL_01964	CDS	840	dat	2.6.1.21		D-alanine aminotransferase
OFGNKLEL_01965	CDS	657	yxlF_2	3.6.3.-	COG1131	putative ABC transporter ATP-binding protein YxlF
OFGNKLEL_01966	CDS	819				hypothetical protein
OFGNKLEL_01967	CDS	846				hypothetical protein
OFGNKLEL_01968	CDS	780	menB	4.1.3.36	COG0447	1,4-dihydroxy-2-naphthoyl-CoA synthase
OFGNKLEL_01969	CDS	414	rsbW	2.7.11.1	COG2172	Serine-protein kinase RsbW
OFGNKLEL_01970	CDS	1383	rsbU	3.1.3.3	COG2208	Phosphoserine phosphatase RsbU
OFGNKLEL_01971	CDS	609				hypothetical protein
OFGNKLEL_01972	CDS	1521	atoS_7	2.7.13.3	COG0642	Signal transduction histidine-protein kinase AtoS
OFGNKLEL_01973	CDS	1497	phoR_1	2.7.13.3	COG0642	Alkaline phosphatase synthesis sensor protein PhoR
OFGNKLEL_01974	CDS	1407	atoC_9		COG2204	Regulatory protein AtoC
OFGNKLEL_01975	CDS	1641	atoS_8	2.7.13.3	COG0642	Signal transduction histidine-protein kinase AtoS
OFGNKLEL_01976	CDS	708	fklB	5.2.1.8	COG0545	FKBP-type 22 kDa peptidyl-prolyl cis-trans isomerase
OFGNKLEL_01977	CDS	135				hypothetical protein
OFGNKLEL_01978	CDS	1266	bvgS	2.7.13.3		Virulence sensor protein BvgS
OFGNKLEL_01979	CDS	174				hypothetical protein
OFGNKLEL_01980	CDS	804				hypothetical protein
OFGNKLEL_01981	CDS	1284				hypothetical protein
OFGNKLEL_01982	CDS	447				hypothetical protein
OFGNKLEL_01983	CDS	1173	aspC_1	2.6.1.1	COG0436	Aspartate aminotransferase
OFGNKLEL_01984	CDS	582				hypothetical protein
OFGNKLEL_01985	CDS	984	ghrB	1.1.1.79	COG1052	Glyoxylate/hydroxypyruvate reductase B
OFGNKLEL_01986	CDS	267				hypothetical protein
OFGNKLEL_01987	CDS	1731	dgcE_2	2.7.7.65	COG2202	putative diguanylate cyclase DgcE
OFGNKLEL_01988	CDS	411				hypothetical protein
OFGNKLEL_01989	CDS	1326	esiB_2			Secretory immunoglobulin A-binding protein EsiB
OFGNKLEL_01990	CDS	774	glpR		COG1349	Glycerol-3-phosphate regulon repressor
OFGNKLEL_01991	CDS	1509	glpK_1	2.7.1.30	COG0554	Glycerol kinase
OFGNKLEL_01992	CDS	1563	glpA	1.1.5.3	COG0578	Anaerobic glycerol-3-phosphate dehydrogenase subunit A
OFGNKLEL_01993	CDS	276				hypothetical protein
OFGNKLEL_01994	CDS	303	ftsB			Cell division protein FtsB
OFGNKLEL_01995	CDS	1539	murJ_1		COG0728	Lipid II flippase MurJ
OFGNKLEL_01996	CDS	255	rpsT		COG0268	30S ribosomal protein S20
OFGNKLEL_01997	CDS	186				hypothetical protein
OFGNKLEL_01998	CDS	741	lptB_6	3.6.3.-	COG1137	Lipopolysaccharide export system ATP-binding protein LptB
OFGNKLEL_01999	CDS	726	livF_8		COG0410	High-affinity branched-chain amino acid transport ATP-binding protein LivF
OFGNKLEL_02000	CDS	810	livH_5		COG0559	High-affinity branched-chain amino acid transport system permease protein LivH
OFGNKLEL_02001	CDS	1137	braC_5		COG0683	Leucine-, isoleucine-, valine-, threonine-, and alanine-binding protein
OFGNKLEL_02002	CDS	768	lptB_7	3.6.3.-	COG1137	Lipopolysaccharide export system ATP-binding protein LptB
OFGNKLEL_02003	CDS	516				hypothetical protein
OFGNKLEL_02004	CDS	1257	ymfD			Bacillibactin exporter
OFGNKLEL_02005	CDS	1863	pcrA_3	3.6.4.12		ATP-dependent DNA helicase PcrA
OFGNKLEL_02006	CDS	1071	algC	5.4.2.2		Phosphomannomutase/phosphoglucomutase
OFGNKLEL_02007	CDS	2532	recC	3.1.11.5	COG1330	RecBCD enzyme subunit RecC
OFGNKLEL_02008	CDS	3531	recB	3.1.11.5	COG1074	RecBCD enzyme subunit RecB
OFGNKLEL_02009	CDS	159				hypothetical protein
OFGNKLEL_02010	CDS	1059				hypothetical protein
OFGNKLEL_02011	CDS	174				hypothetical protein
OFGNKLEL_02012	CDS	1134			COG1373	putative protein
OFGNKLEL_02013	CDS	888	yihG	2.3.-.-	COG0204	putative acyltransferase YihG
OFGNKLEL_02014	CDS	1485	vnfA_2		COG3604	Nitrogen fixation protein VnfA
OFGNKLEL_02015	CDS	387				hypothetical protein
OFGNKLEL_02016	CDS	1746	zraR_11		COG2204	Transcriptional regulatory protein ZraR
OFGNKLEL_02017	CDS	969		1.5.1.49	COG2423	Delta(1)-pyrroline-2-carboxylate reductase
OFGNKLEL_02018	CDS	1572	secD		COG0342	Protein translocase subunit SecD
OFGNKLEL_02019	CDS	1032	secF		COG0341	Protein translocase subunit SecF
OFGNKLEL_02020	CDS	1134	dprA		COG0758	DNA processing protein DprA
OFGNKLEL_02021	CDS	504	siaT_4		COG1593	Sialic acid TRAP transporter permease protein SiaT
OFGNKLEL_02022	CDS	990	dctP		COG1638	C4-dicarboxylate-binding periplasmic protein DctP
OFGNKLEL_02023	CDS	1533	iolA_2	1.2.1.-	COG1012	Malonate-semialdehyde dehydrogenase
OFGNKLEL_02024	CDS	108				hypothetical protein
OFGNKLEL_02025	CDS	1236	xerC_8		COG4973	Tyrosine recombinase XerC
OFGNKLEL_02026	CDS	975	xerD_7			Tyrosine recombinase XerD
OFGNKLEL_02027	CDS	402	glrR_3		COG2204	Transcriptional regulatory protein GlrR
OFGNKLEL_02028	CDS	918	gcvH_2		COG0509	Glycine cleavage system H protein
OFGNKLEL_02029	CDS	906	gcvH_3		COG0509	Glycine cleavage system H protein
OFGNKLEL_02030	CDS	1254	ylmA	3.6.3.-	COG1119	putative ABC transporter ATP-binding protein YlmA
OFGNKLEL_02031	CDS	843	ribN			Riboflavin transporter
OFGNKLEL_02032	CDS	468				hypothetical protein
OFGNKLEL_02033	CDS	558				hypothetical protein
OFGNKLEL_02034	CDS	2871				hypothetical protein
OFGNKLEL_02035	CDS	2298	cckA_23			Sensor kinase CckA
OFGNKLEL_02036	CDS	468		2.3.1.82		Aminoglycoside N(6')-acetyltransferase type 1
OFGNKLEL_02037	CDS	771				hypothetical protein
OFGNKLEL_02038	CDS	162				hypothetical protein
OFGNKLEL_02039	CDS	162				hypothetical protein
OFGNKLEL_02040	CDS	243				hypothetical protein
OFGNKLEL_02041	CDS	912				hypothetical protein
OFGNKLEL_02042	CDS	1512				hypothetical protein
OFGNKLEL_02043	CDS	330				hypothetical protein
OFGNKLEL_02044	CDS	708				hypothetical protein
OFGNKLEL_02045	CDS	846	prmC_2	2.1.1.297		Release factor glutamine methyltransferase
OFGNKLEL_02046	CDS	1584	lcfB_2	6.2.1.3	COG0318	Long-chain-fatty-acid--CoA ligase
OFGNKLEL_02047	CDS	252	acpP			Acyl carrier protein
OFGNKLEL_02048	CDS	1029				hypothetical protein
OFGNKLEL_02049	CDS	756	yvoA_1		COG2188	HTH-type transcriptional repressor YvoA
OFGNKLEL_02050	CDS	636	metH_3	2.1.1.13	COG0646	Methionine synthase
OFGNKLEL_02051	CDS	297	msrB	1.8.4.12	COG0229	Peptide methionine sulfoxide reductase MsrB
OFGNKLEL_02052	CDS	846	argE	3.5.1.16	COG0624	Acetylornithine deacetylase
OFGNKLEL_02053	CDS	315	dapE_3	3.5.1.18		putative succinyl-diaminopimelate desuccinylase
OFGNKLEL_02054	CDS	918	ctaB2	2.5.1.-	COG0109	Protoheme IX farnesyltransferase 2
OFGNKLEL_02055	CDS	612	ctaC	1.9.3.1	COG1622	Cytochrome c oxidase subunit 2
OFGNKLEL_02056	CDS	288				hypothetical protein
OFGNKLEL_02057	CDS	597	cyoC		COG1845	Cytochrome bo(3) ubiquinol oxidase subunit 3
OFGNKLEL_02058	CDS	1635	ctaD	1.9.3.1		Cytochrome c oxidase subunit 1
OFGNKLEL_02059	CDS	864				hypothetical protein
OFGNKLEL_02060	CDS	546				hypothetical protein
OFGNKLEL_02061	CDS	426				hypothetical protein
OFGNKLEL_02062	CDS	204				hypothetical protein
OFGNKLEL_02063	CDS	1014	mrcA_1		COG5009	Penicillin-binding protein 1A
OFGNKLEL_02064	CDS	1221	yhbU_2	3.4.-.-	COG0826	putative protease YhbU
OFGNKLEL_02065	CDS	774	lptB_8	3.6.3.-	COG1137	Lipopolysaccharide export system ATP-binding protein LptB
OFGNKLEL_02066	CDS	1275				hypothetical protein
OFGNKLEL_02067	CDS	513	livH_6		COG0559	High-affinity branched-chain amino acid transport system permease protein LivH
OFGNKLEL_02068	CDS	360				hypothetical protein
OFGNKLEL_02069	CDS	1374	zraR_12		COG2204	Transcriptional regulatory protein ZraR
OFGNKLEL_02070	CDS	1125	glpE_1	2.8.1.1		Thiosulfate sulfurtransferase GlpE
OFGNKLEL_02071	CDS	2421	atoS_9	2.7.13.3	COG0642	Signal transduction histidine-protein kinase AtoS
OFGNKLEL_02072	CDS	390				hypothetical protein
OFGNKLEL_02073	CDS	264				hypothetical protein
OFGNKLEL_02074	CDS	1032	cyaB_2	4.6.1.1	COG2114	Adenylate cyclase 2
OFGNKLEL_02075	CDS	120				hypothetical protein
OFGNKLEL_02076	CDS	1170	argD	2.6.1.11	COG4992	Acetylornithine aminotransferase
OFGNKLEL_02077	CDS	357				hypothetical protein
OFGNKLEL_02078	CDS	240				hypothetical protein
OFGNKLEL_02079	CDS	1866		2.8.3.-	COG0427	Butanoate coenzyme A-transferase
OFGNKLEL_02080	CDS	1431		4.1.2.27	COG0076	putative sphingosine-1-phosphate lyase
OFGNKLEL_02081	CDS	1152				hypothetical protein
OFGNKLEL_02082	CDS	423	nhaX_1		COG0589	Stress response protein NhaX
OFGNKLEL_02083	CDS	1254	mgl	4.4.1.11	COG0626	L-methionine gamma-lyase
OFGNKLEL_02084	CDS	1167	metXA_1	2.3.1.31	COG2021	Homoserine O-acetyltransferase
OFGNKLEL_02085	CDS	615	metXA_2		COG0500	Bifunctional methionine biosynthesis protein MetXA/MetW
OFGNKLEL_02086	CDS	1047	nadA_1	2.5.1.72	COG0379	Quinolinate synthase A
OFGNKLEL_02087	CDS	591	kstR2			HTH-type transcriptional repressor KstR2
OFGNKLEL_02088	CDS	765	crt_2	4.2.1.150	COG1024	Short-chain-enoyl-CoA hydratase
OFGNKLEL_02089	CDS	420	cooS	1.2.7.4	COG1151	Carbon monoxide dehydrogenase
OFGNKLEL_02090	CDS	777				hypothetical protein
OFGNKLEL_02091	CDS	261				hypothetical protein
OFGNKLEL_02092	CDS	681				hypothetical protein
OFGNKLEL_02093	CDS	123				hypothetical protein
OFGNKLEL_02094	CDS	1173	hybB_1		COG5557	putative Ni/Fe-hydrogenase 2 b-type cytochrome subunit
OFGNKLEL_02095	CDS	1134	fdnH_1		COG0437	Formate dehydrogenase, nitrate-inducible, iron-sulfur subunit
OFGNKLEL_02096	CDS	1578	hmcA			High-molecular-weight cytochrome c
OFGNKLEL_02097	CDS	834			COG0543	Dihydroorotate dehydrogenase B (NAD(+)), electron transfer subunit 
OFGNKLEL_02098	CDS	1413	gltD_1	1.4.1.13		Glutamate synthase [NADPH] small chain
OFGNKLEL_02099	CDS	348				hypothetical protein
OFGNKLEL_02100	CDS	906				hypothetical protein
OFGNKLEL_02101	CDS	213				hypothetical protein
OFGNKLEL_02102	CDS	426				hypothetical protein
OFGNKLEL_02103	CDS	303	tmk_2	2.7.4.9	COG0125	Thymidylate kinase
OFGNKLEL_02104	CDS	678	ptsN		COG1762	Nitrogen regulatory protein
OFGNKLEL_02105	CDS	288	higB_4	3.1.-.-	COG4680	mRNA interferase toxin HigB
OFGNKLEL_02106	CDS	402	higA_2		COG5499	Antitoxin HigA
OFGNKLEL_02107	CDS	744	hycG		COG3260	Formate hydrogenlyase subunit 7
OFGNKLEL_02108	CDS	1509	hycE		COG3261	Formate hydrogenlyase subunit 5
OFGNKLEL_02109	CDS	1431	hyfB	1.-.-.-	COG0651	Hydrogenase-4 component B
OFGNKLEL_02110	CDS	645	hyfE	1.-.-.-	COG4237	Hydrogenase-4 component E
OFGNKLEL_02111	CDS	291				hypothetical protein
OFGNKLEL_02112	CDS	495	potB_3		COG1176	Spermidine/putrescine transport system permease protein PotB
OFGNKLEL_02113	CDS	312	potB_4		COG1176	Spermidine/putrescine transport system permease protein PotB
OFGNKLEL_02114	CDS	912	ydcV_3			Inner membrane ABC transporter permease protein YdcV
OFGNKLEL_02115	CDS	720				hypothetical protein
OFGNKLEL_02116	CDS	1638	ptsI	2.7.3.9	COG1080	Phosphoenolpyruvate-protein phosphotransferase
OFGNKLEL_02117	CDS	462	smpB		COG0691	SsrA-binding protein
OFGNKLEL_02118	tmRNA	358	ssrA			transfer-messenger RNA, SsrA
OFGNKLEL_02119	CDS	186				hypothetical protein
OFGNKLEL_02120	tRNA	76				tRNA-Lys(ctt)
OFGNKLEL_02121	CDS	585	puuR			HTH-type transcriptional regulator PuuR
OFGNKLEL_02122	CDS	627	yigZ		COG1739	IMPACT family member YigZ
OFGNKLEL_02123	CDS	198				hypothetical protein
OFGNKLEL_02124	CDS	900				hypothetical protein
OFGNKLEL_02125	CDS	1971	ydhV_5	1.-.-.-	COG2414	putative oxidoreductase YdhV
OFGNKLEL_02126	CDS	1143	porD_1		COG1144	Pyruvate synthase subunit PorD
OFGNKLEL_02127	CDS	546				hypothetical protein
OFGNKLEL_02128	CDS	1179	trpE	4.1.3.27	COG0147	Anthranilate synthase component 1
OFGNKLEL_02129	CDS	576	pabA	2.6.1.85	COG0512	Aminodeoxychorismate/anthranilate synthase component 2
OFGNKLEL_02130	CDS	1017	trpD	2.4.2.18	COG0547	Anthranilate phosphoribosyltransferase
OFGNKLEL_02131	CDS	795	trpC	4.1.1.48		Indole-3-glycerol phosphate synthase
OFGNKLEL_02132	CDS	690	trpF	5.3.1.24	COG0135	N-(5'-phosphoribosyl)anthranilate isomerase
OFGNKLEL_02133	CDS	1215	trpB_1	4.2.1.20	COG0133	Tryptophan synthase beta chain
OFGNKLEL_02134	CDS	807	trpA	4.2.1.20	COG0159	Tryptophan synthase alpha chain
OFGNKLEL_02135	CDS	162				hypothetical protein
OFGNKLEL_02136	CDS	483				hypothetical protein
OFGNKLEL_02137	CDS	546	dsrE2		COG2210	Sulfur carrier protein DsrE2
OFGNKLEL_02138	CDS	243	tusA_1		COG0425	Sulfur carrier protein TusA
OFGNKLEL_02139	CDS	279				hypothetical protein
OFGNKLEL_02140	CDS	192				hypothetical protein
OFGNKLEL_02141	CDS	972	yhdJ	2.1.1.72	COG0863	DNA adenine methyltransferase YhdJ
OFGNKLEL_02142	CDS	1308				hypothetical protein
OFGNKLEL_02143	CDS	1608				hypothetical protein
OFGNKLEL_02144	CDS	90				hypothetical protein
OFGNKLEL_02145	CDS	126				hypothetical protein
OFGNKLEL_02146	tRNA	85				tRNA-Leu(tag)
OFGNKLEL_02147	tRNA	87				tRNA-Leu(cag)
OFGNKLEL_02148	CDS	945	ribF		COG0196	Riboflavin biosynthesis protein RibF
OFGNKLEL_02149	CDS	525	def1	3.5.1.88		Peptide deformylase 1
OFGNKLEL_02150	CDS	330				hypothetical protein
OFGNKLEL_02151	CDS	1389	glpK_2	2.7.1.30		Glycerol kinase
OFGNKLEL_02152	CDS	102				hypothetical protein
OFGNKLEL_02153	CDS	210				hypothetical protein
OFGNKLEL_02154	CDS	231				hypothetical protein
OFGNKLEL_02155	CDS	882	mscS_1		COG0668	Small-conductance mechanosensitive channel
OFGNKLEL_02156	CDS	1041				hypothetical protein
OFGNKLEL_02157	CDS	132				hypothetical protein
OFGNKLEL_02158	CDS	885				hypothetical protein
OFGNKLEL_02159	CDS	417				hypothetical protein
OFGNKLEL_02160	CDS	1662	rocB		COG4187	Protein RocB
OFGNKLEL_02161	CDS	879	arcA	3.5.3.6		Arginine deiminase
OFGNKLEL_02162	CDS	1401	lcfB_3	6.2.1.3	COG0318	Long-chain-fatty-acid--CoA ligase
OFGNKLEL_02163	CDS	669	lolA		COG2834	Outer-membrane lipoprotein carrier protein
OFGNKLEL_02164	CDS	1203		1.-.-.-		NADH oxidase
OFGNKLEL_02165	CDS	192				hypothetical protein
OFGNKLEL_02166	CDS	876	gltC			HTH-type transcriptional regulator GltC
OFGNKLEL_02167	CDS	2580				hypothetical protein
OFGNKLEL_02168	CDS	534	nudC	3.6.1.22		NADH pyrophosphatase
OFGNKLEL_02169	CDS	471	pcp		COG3133	Outer membrane lipoprotein pcp
OFGNKLEL_02170	CDS	2652	glnD		COG2844	Bifunctional uridylyltransferase/uridylyl-removing enzyme
OFGNKLEL_02171	CDS	186	tatAd_2			Sec-independent protein translocase protein TatAd
OFGNKLEL_02172	CDS	852	lon_3	3.4.21.53		Lon protease
OFGNKLEL_02173	CDS	1194				hypothetical protein
OFGNKLEL_02174	CDS	795	tatD	3.1.11.-	COG0084	3'-5' ssDNA/RNA exonuclease TatD
OFGNKLEL_02175	CDS	612				hypothetical protein
OFGNKLEL_02176	CDS	636				hypothetical protein
OFGNKLEL_02177	CDS	468				hypothetical protein
OFGNKLEL_02178	CDS	9510				hypothetical protein
OFGNKLEL_02179	CDS	783				hypothetical protein
OFGNKLEL_02180	CDS	1074				hypothetical protein
OFGNKLEL_02181	CDS	462				hypothetical protein
OFGNKLEL_02182	CDS	1182	pleD_5			Response regulator PleD
OFGNKLEL_02183	CDS	1293	leuC	4.2.1.33	COG0065	3-isopropylmalate dehydratase large subunit
OFGNKLEL_02184	CDS	525	leuD	4.2.1.33	COG0066	3-isopropylmalate dehydratase small subunit
OFGNKLEL_02185	CDS	366				hypothetical protein
OFGNKLEL_02186	CDS	1125				hypothetical protein
OFGNKLEL_02187	CDS	1095	yhcG_1	3.1.-.-	COG4804	Putative nuclease YhcG
OFGNKLEL_02188	CDS	1308	ndhI_3	1.6.5.11		NAD(P)H-quinone oxidoreductase subunit I, chloroplastic
OFGNKLEL_02189	CDS	420				hypothetical protein
OFGNKLEL_02190	CDS	249	tusA_2		COG0425	Sulfur carrier protein TusA
OFGNKLEL_02191	CDS	228				hypothetical protein
OFGNKLEL_02192	CDS	162				hypothetical protein
OFGNKLEL_02193	CDS	663				hypothetical protein
OFGNKLEL_02194	CDS	360				hypothetical protein
OFGNKLEL_02195	CDS	315				hypothetical protein
OFGNKLEL_02196	CDS	1359	recD2_2	3.6.4.12	COG0507	ATP-dependent RecD-like DNA helicase
OFGNKLEL_02197	CDS	543				hypothetical protein
OFGNKLEL_02198	CDS	738	tagA	2.4.1.187	COG1922	N-acetylglucosaminyldiphosphoundecaprenol N-acetyl-beta-D-mannosaminyltransferase
OFGNKLEL_02199	CDS	1602				hypothetical protein
OFGNKLEL_02200	CDS	210				hypothetical protein
OFGNKLEL_02201	CDS	306	higA-1		COG3093	Antitoxin HigA-1
OFGNKLEL_02202	CDS	1122			COG1373	putative protein
OFGNKLEL_02203	CDS	111				hypothetical protein
OFGNKLEL_02204	CDS	1260			COG1373	putative protein
OFGNKLEL_02205	CDS	282	nikR			Putative nickel-responsive regulator
OFGNKLEL_02206	CDS	189				hypothetical protein
OFGNKLEL_02207	CDS	177				hypothetical protein
OFGNKLEL_02208	CDS	525				hypothetical protein
OFGNKLEL_02209	CDS	168				hypothetical protein
OFGNKLEL_02210	CDS	1701	uup		COG0488	ABC transporter ATP-binding protein uup
OFGNKLEL_02211	CDS	726			COG2200	putative signaling protein
OFGNKLEL_02212	CDS	1131	dgcT_2	2.7.7.65		putative diguanylate cyclase DgcT
OFGNKLEL_02213	CDS	465				hypothetical protein
OFGNKLEL_02214	CDS	351				hypothetical protein
OFGNKLEL_02215	CDS	330				hypothetical protein
OFGNKLEL_02216	CDS	657	degU_2		COG2197	Transcriptional regulatory protein DegU
OFGNKLEL_02217	CDS	387				hypothetical protein
OFGNKLEL_02218	CDS	414				hypothetical protein
OFGNKLEL_02219	CDS	681	amiA	3.5.1.28	COG0860	N-acetylmuramoyl-L-alanine amidase AmiA
OFGNKLEL_02220	tRNA	77				tRNA-Pro(tgg)
OFGNKLEL_02221	CDS	591	grpE		COG0576	Protein GrpE
OFGNKLEL_02222	CDS	1932	dnaK_2		COG0443	Chaperone protein DnaK
OFGNKLEL_02223	CDS	636	hldE_2		COG2870	Bifunctional protein HldE
OFGNKLEL_02224	tRNA	77				tRNA-Met(cat)
OFGNKLEL_02225	CDS	837				hypothetical protein
OFGNKLEL_02226	CDS	582		3.1.3.82	COG0241	D-glycero-beta-D-manno-heptose-1,7-bisphosphate 7-phosphatase
OFGNKLEL_02227	CDS	792	rlpA	4.2.2.-		Endolytic peptidoglycan transglycosylase RlpA
OFGNKLEL_02228	CDS	1410	lon2	3.4.21.53	COG0466	Lon protease 2
OFGNKLEL_02229	CDS	684				hypothetical protein
OFGNKLEL_02230	CDS	228				Ferredoxin-2
OFGNKLEL_02231	CDS	1068	korA_1	1.2.7.3	COG0674	2-oxoglutarate oxidoreductase subunit KorA
OFGNKLEL_02232	CDS	738	korB_1	1.2.7.3	COG1013	2-oxoglutarate oxidoreductase subunit KorB
OFGNKLEL_02233	CDS	540	padE	1.2.1.58		NADH-dependent phenylglyoxylate dehydrogenase subunit gamma
OFGNKLEL_02234	CDS	489				hypothetical protein
OFGNKLEL_02235	CDS	1155	bcd	1.3.8.1	COG1960	Acyl-CoA dehydrogenase, short-chain specific
OFGNKLEL_02236	CDS	546	sutR		COG1396	HTH-type transcriptional regulator SutR
OFGNKLEL_02237	CDS	1065	ilvK	2.6.1.42	COG0115	Branched-chain-amino-acid aminotransferase 2
OFGNKLEL_02238	CDS	1083	flp			Protein flp
OFGNKLEL_02239	CDS	879	ykfA	3.4.16.-	COG1619	putative murein peptide carboxypeptidase
OFGNKLEL_02240	CDS	1413				hypothetical protein
OFGNKLEL_02241	CDS	327				hypothetical protein
OFGNKLEL_02242	CDS	408				hypothetical protein
OFGNKLEL_02243	CDS	684				hypothetical protein
OFGNKLEL_02244	CDS	1329	mepA			Multidrug export protein MepA
OFGNKLEL_02245	CDS	843	rsxB_6		COG2878	Electron transport complex subunit RsxB
OFGNKLEL_02246	CDS	801	rsxA		COG4657	Electron transport complex subunit RsxA
OFGNKLEL_02247	CDS	1359				hypothetical protein
OFGNKLEL_02248	CDS	264				hypothetical protein
OFGNKLEL_02249	CDS	498	ilvH_2	2.2.1.6	COG0440	Putative acetolactate synthase small subunit
OFGNKLEL_02250	CDS	1692	ilvI	2.2.1.6	COG0028	Acetolactate synthase isozyme 3 large subunit
OFGNKLEL_02251	CDS	738				hypothetical protein
OFGNKLEL_02252	CDS	1359	bcs1			Bifunctional ribulose 5-phosphate reductase/CDP-ribitol pyrophosphorylase Bcs1
OFGNKLEL_02253	CDS	462	mshA	2.4.1.250	COG0438	D-inositol 3-phosphate glycosyltransferase
OFGNKLEL_02254	CDS	423				hypothetical protein
OFGNKLEL_02255	CDS	2241				Blue-light-activated protein
OFGNKLEL_02256	CDS	1158	alr1	5.1.1.1	COG0787	Alanine racemase 1
OFGNKLEL_02257	CDS	705	queE_2	4.3.99.3		7-carboxy-7-deazaguanine synthase
OFGNKLEL_02258	CDS	2100	nrdD	1.1.98.6	COG1328	Anaerobic ribonucleoside-triphosphate reductase
OFGNKLEL_02259	CDS	249				hypothetical protein
OFGNKLEL_02260	CDS	576	nudL	3.6.1.-		putative Nudix hydrolase NudL
OFGNKLEL_02261	CDS	630				hypothetical protein
OFGNKLEL_02262	CDS	1374		1.-.-.-	COG0277	putative FAD-linked oxidoreductase
OFGNKLEL_02263	CDS	1236	glpC		COG0247	Anaerobic glycerol-3-phosphate dehydrogenase subunit C
OFGNKLEL_02264	CDS	411	mtgB_7	2.1.1.-	COG5598	Glycine betaine methyltransferase
OFGNKLEL_02265	CDS	984	mtgB_8	2.1.1.-	COG5598	Glycine betaine methyltransferase
OFGNKLEL_02266	CDS	645	metH_4	2.1.1.13	COG0646	Methionine synthase
OFGNKLEL_02267	CDS	996	rgtE	2.4.1.-	COG0463	Dodecaprenyl-phosphate galacturonate synthase
OFGNKLEL_02268	CDS	1179	bshA	2.4.1.-	COG0438	N-acetyl-alpha-D-glucosaminyl L-malate synthase
OFGNKLEL_02269	CDS	948	wbpB	1.1.1.335	COG0673	UDP-N-acetyl-2-amino-2-deoxy-D-glucuronate oxidase
OFGNKLEL_02270	CDS	1092	wbpI_2	5.1.3.23	COG0381	UDP-2,3-diacetamido-2,3-dideoxy-D-glucuronate 2-epimerase
OFGNKLEL_02271	CDS	393				hypothetical protein
OFGNKLEL_02272	CDS	1347	zraR_13		COG2204	Transcriptional regulatory protein ZraR
OFGNKLEL_02273	CDS	1776	zraS_5	2.7.13.3		Sensor protein ZraS
OFGNKLEL_02274	CDS	1188	mtgB_9	2.1.1.-	COG5598	Glycine betaine methyltransferase
OFGNKLEL_02275	CDS	1422	amiD	3.5.1.4	COG0154	Putative amidase AmiD
OFGNKLEL_02276	CDS	468				hypothetical protein
OFGNKLEL_02277	CDS	396				hypothetical protein
OFGNKLEL_02278	CDS	2604	pctB		COG0840	Methyl-accepting chemotaxis protein PctB
OFGNKLEL_02279	CDS	639				hypothetical protein
OFGNKLEL_02280	CDS	375				hypothetical protein
OFGNKLEL_02281	CDS	1200	rocD	2.6.1.13	COG4992	Ornithine aminotransferase
OFGNKLEL_02282	CDS	543		3.2.1.52		Beta-hexosaminidase A
OFGNKLEL_02283	CDS	399	nagZ	3.2.1.52	COG1472	Beta-hexosaminidase
OFGNKLEL_02284	CDS	1002	tsaD	2.3.1.234	COG0533	tRNA N6-adenosine threonylcarbamoyltransferase
OFGNKLEL_02285	CDS	717	purM	6.3.3.1	COG0150	Phosphoribosylformylglycinamidine cyclo-ligase
OFGNKLEL_02286	CDS	1551	xylB_1	2.7.1.17	COG1070	Xylulose kinase
OFGNKLEL_02287	CDS	777	kduD	1.1.1.127		2-dehydro-3-deoxy-D-gluconate 5-dehydrogenase
OFGNKLEL_02288	CDS	1455		1.-.-.-	COG0277	putative FAD-linked oxidoreductase
OFGNKLEL_02289	CDS	843	etfB_2			Electron transfer flavoprotein subunit beta
OFGNKLEL_02290	CDS	1005	fixB		COG2025	Protein FixB
OFGNKLEL_02291	CDS	1629		1.-.-.-	COG0277	putative FAD-linked oxidoreductase
OFGNKLEL_02292	CDS	717				hypothetical protein
OFGNKLEL_02293	CDS	1359	atoC_10		COG2204	Regulatory protein AtoC
OFGNKLEL_02294	CDS	1413	atoS_10	2.7.13.3	COG0642	Signal transduction histidine-protein kinase AtoS
OFGNKLEL_02295	CDS	912				hypothetical protein
OFGNKLEL_02296	CDS	1077	xpsD		COG1450	Type II secretion system protein D
OFGNKLEL_02297	CDS	1512				hypothetical protein
OFGNKLEL_02298	CDS	576	ndhI_4	1.6.5.11		NAD(P)H-quinone oxidoreductase subunit I, chloroplastic
OFGNKLEL_02299	CDS	825	sdhE_2	1.3.5.-	COG2048	8-methylmenaquinol:fumarate reductase membrane anchor subunit
OFGNKLEL_02300	CDS	1251	exuT_1			Hexuronate transporter
OFGNKLEL_02301	CDS	504		3.1.2.-	COG1607	putative acyl-CoA thioester hydrolase
OFGNKLEL_02302	CDS	591	sigW_2		COG1595	ECF RNA polymerase sigma factor SigW
OFGNKLEL_02303	CDS	501				hypothetical protein
OFGNKLEL_02304	CDS	483				hypothetical protein
OFGNKLEL_02305	CDS	1251	macB_2	3.6.3.-	COG0577	Macrolide export ATP-binding/permease protein MacB
OFGNKLEL_02306	CDS	663	lolD_2	3.6.3.-	COG1136	Lipoprotein-releasing system ATP-binding protein LolD
OFGNKLEL_02307	CDS	408				hypothetical protein
OFGNKLEL_02308	CDS	1239	macB_3	3.6.3.-	COG0577	Macrolide export ATP-binding/permease protein MacB
OFGNKLEL_02309	CDS	285	sdpR		COG0640	Transcriptional repressor SdpR
OFGNKLEL_02310	CDS	1170	srpC		COG2059	putative chromate transport protein
OFGNKLEL_02311	CDS	1020	xerC_9		COG4974	Tyrosine recombinase XerC
OFGNKLEL_02312	CDS	978	xerC_10		COG4973	Tyrosine recombinase XerC
OFGNKLEL_02313	CDS	957	xerD_8		COG4974	Tyrosine recombinase XerD
OFGNKLEL_02314	CDS	285				hypothetical protein
OFGNKLEL_02315	CDS	543				hypothetical protein
OFGNKLEL_02316	CDS	1263	exuT_2			Hexuronate transporter
OFGNKLEL_02317	CDS	1110	hemE_4	4.1.1.37		Uroporphyrinogen decarboxylase
OFGNKLEL_02318	CDS	1212	degS_4	2.7.13.3		Signal transduction histidine-protein kinase/phosphatase DegS
OFGNKLEL_02319	rRNA	97				5S ribosomal RNA
OFGNKLEL_02320	CDS	1680	zraR_14		COG2204	Transcriptional regulatory protein ZraR
OFGNKLEL_02321	CDS	564	kinA_2	2.7.13.3	COG0642	Sporulation kinase A
OFGNKLEL_02322	CDS	1365	hhaIM_2	2.1.1.37		Modification methylase HhaI
OFGNKLEL_02323	CDS	744				hypothetical protein
OFGNKLEL_02324	CDS	240				hypothetical protein
OFGNKLEL_02325	CDS	693				hypothetical protein
OFGNKLEL_02326	CDS	1002	btrN_2	1.1.99.38		S-adenosyl-L-methionine-dependent 2-deoxy-scyllo-inosamine dehydrogenase
OFGNKLEL_02327	CDS	612	yfiR			putative HTH-type transcriptional regulator YfiR
OFGNKLEL_02328	CDS	1113	fldC	4.2.1.-		(R)-phenyllactyl-CoA dehydratase beta subunit
OFGNKLEL_02329	CDS	612				hypothetical protein
OFGNKLEL_02330	CDS	870				hypothetical protein
OFGNKLEL_02331	CDS	861	secA_2		COG0653	Protein translocase subunit SecA
OFGNKLEL_02332	CDS	231				hypothetical protein
OFGNKLEL_02333	CDS	747	rbn_3	3.1.-.-	COG1234	Ribonuclease BN
OFGNKLEL_02334	CDS	264				hypothetical protein
OFGNKLEL_02335	CDS	240				hypothetical protein
OFGNKLEL_02336	CDS	126				hypothetical protein
OFGNKLEL_02337	CDS	951				hypothetical protein
OFGNKLEL_02338	CDS	279				hypothetical protein
OFGNKLEL_02339	CDS	441				hypothetical protein
OFGNKLEL_02340	CDS	1347	dsbD	1.8.1.8	COG4232	Thiol:disulfide interchange protein DsbD
OFGNKLEL_02341	CDS	357				hypothetical protein
OFGNKLEL_02342	CDS	666		2.8.1.-	COG0607	Sulfurtransferase
OFGNKLEL_02343	tRNA	75				tRNA-Gly(gcc)
OFGNKLEL_02344	CDS	927	pacS	3.6.3.54		putative copper-transporting ATPase PacS
OFGNKLEL_02345	CDS	516				hypothetical protein
OFGNKLEL_02346	CDS	177				hypothetical protein
OFGNKLEL_02347	CDS	198				hypothetical protein
OFGNKLEL_02348	CDS	1452	alkA		COG0122	putative bifunctional transcriptional activator/DNA repair enzyme AlkA
OFGNKLEL_02349	CDS	216				hypothetical protein
OFGNKLEL_02350	CDS	615	argO		COG1279	Arginine exporter protein ArgO
OFGNKLEL_02351	CDS	2085	psrA		COG0243	Polysulfide reductase chain A
OFGNKLEL_02352	CDS	522	phsB		COG0437	Thiosulfate reductase electron transfer subunit PhsB
OFGNKLEL_02353	CDS	456	hndA_1	1.12.1.3	COG1905	NADP-reducing hydrogenase subunit HndA
OFGNKLEL_02354	CDS	1782	hndC_1	1.12.1.3	COG1145	NADP-reducing hydrogenase subunit HndC
OFGNKLEL_02355	CDS	291	yabJ_2	3.5.99.10	COG0251	2-iminobutanoate/2-iminopropanoate deaminase
OFGNKLEL_02356	CDS	738	guaA_1	6.3.5.2		GMP synthase [glutamine-hydrolyzing]
OFGNKLEL_02357	CDS	498				hypothetical protein
OFGNKLEL_02358	CDS	945	dctM_5		COG1593	C4-dicarboxylate TRAP transporter large permease protein DctM
OFGNKLEL_02359	CDS	1443	nifA_2			Nif-specific regulatory protein
OFGNKLEL_02360	CDS	279				hypothetical protein
OFGNKLEL_02361	CDS	1587	murJ_2		COG0728	Lipid II flippase MurJ
OFGNKLEL_02362	CDS	1137				hypothetical protein
OFGNKLEL_02363	CDS	363				hypothetical protein
OFGNKLEL_02364	CDS	2982				hypothetical protein
OFGNKLEL_02365	CDS	375				hypothetical protein
OFGNKLEL_02366	CDS	246				hypothetical protein
OFGNKLEL_02367	CDS	606				hypothetical protein
OFGNKLEL_02368	CDS	921				hypothetical protein
OFGNKLEL_02369	CDS	336				hypothetical protein
OFGNKLEL_02370	CDS	1884	mnmG		COG0445	tRNA uridine 5-carboxymethylaminomethyl modification enzyme MnmG
OFGNKLEL_02371	CDS	942	dnaJ_4		COG0484	Chaperone protein DnaJ
OFGNKLEL_02372	CDS	516	hpt	2.4.2.8	COG0634	Hypoxanthine phosphoribosyltransferase
OFGNKLEL_02373	CDS	978		2.7.4.1		Polyphosphate:ADP phosphotransferase 3
OFGNKLEL_02374	CDS	972		2.7.4.-	COG2326	Polyphosphate:GDP phosphotransferase
OFGNKLEL_02375	CDS	330				hypothetical protein
OFGNKLEL_02376	CDS	1497				hypothetical protein
OFGNKLEL_02377	CDS	1287		2.3.1.9	COG0183	Acetyl-CoA acetyltransferase
OFGNKLEL_02378	CDS	156				hypothetical protein
OFGNKLEL_02379	CDS	1095			COG0628	Putative transport protein
OFGNKLEL_02380	CDS	2496	gyrA	5.99.1.3	COG0188	DNA gyrase subunit A
OFGNKLEL_02381	CDS	726				hypothetical protein
OFGNKLEL_02382	CDS	264				hypothetical protein
OFGNKLEL_02383	CDS	1176	pgk	2.7.2.3		Phosphoglycerate kinase
OFGNKLEL_02384	CDS	1056				hypothetical protein
OFGNKLEL_02385	CDS	456	argA_1	2.3.1.1	COG1246	Amino-acid acetyltransferase
OFGNKLEL_02386	CDS	243	mrcA_2		COG5009	Penicillin-binding protein 1A
OFGNKLEL_02387	CDS	1152	dbpA	3.6.4.13	COG0513	ATP-dependent RNA helicase DbpA
OFGNKLEL_02388	CDS	453				hypothetical protein
OFGNKLEL_02389	CDS	252				hypothetical protein
OFGNKLEL_02390	CDS	288				hypothetical protein
OFGNKLEL_02391	CDS	294				hypothetical protein
OFGNKLEL_02392	CDS	288				hypothetical protein
OFGNKLEL_02393	CDS	585	thpR	3.1.4.-		RNA 2',3'-cyclic phosphodiesterase
OFGNKLEL_02394	CDS	1464	cobQ			Cobyric acid synthase
OFGNKLEL_02395	CDS	513	btuR	2.5.1.17	COG2109	Cob(I)yrinic acid a,c-diamide adenosyltransferase
OFGNKLEL_02396	CDS	531		2.1.1.272	COG1010	Cobalt-factor III methyltransferase
OFGNKLEL_02397	CDS	465				hypothetical protein
OFGNKLEL_02398	CDS	489				hypothetical protein
OFGNKLEL_02399	CDS	1050	ruvB	3.6.4.12	COG2255	Holliday junction ATP-dependent DNA helicase RuvB
OFGNKLEL_02400	CDS	624	ruvA	3.6.4.12	COG0632	Holliday junction ATP-dependent DNA helicase RuvA
OFGNKLEL_02401	CDS	492	ruvC	3.1.22.4	COG0817	Crossover junction endodeoxyribonuclease RuvC
OFGNKLEL_02402	CDS	444	cpoB		COG1729	Cell division coordinator CpoB
OFGNKLEL_02403	CDS	375	hisI	3.5.4.19	COG0139	Phosphoribosyl-AMP cyclohydrolase
OFGNKLEL_02404	CDS	876	hisG	2.4.2.17	COG0040	ATP phosphoribosyltransferase
OFGNKLEL_02405	CDS	1158	aspC_2	2.6.1.1	COG0436	Aspartate aminotransferase
OFGNKLEL_02406	CDS	1515				hypothetical protein
OFGNKLEL_02407	CDS	240				hypothetical protein
OFGNKLEL_02408	CDS	1413	pdhD	1.8.1.4		Dihydrolipoyl dehydrogenase
OFGNKLEL_02409	CDS	1269	pdhC	2.3.1.12		Dihydrolipoyllysine-residue acetyltransferase component of pyruvate dehydrogenase complex
OFGNKLEL_02410	CDS	981	pdhB	1.2.4.1	COG0022	Pyruvate dehydrogenase E1 component subunit beta
OFGNKLEL_02411	CDS	1095	pdhA	1.2.4.1		Pyruvate dehydrogenase E1 component subunit alpha
OFGNKLEL_02412	CDS	309				hypothetical protein
OFGNKLEL_02413	CDS	873	kce_2	2.3.1.247	COG3246	3-keto-5-aminohexanoate cleavage enzyme
OFGNKLEL_02414	CDS	504				hypothetical protein
OFGNKLEL_02415	CDS	1038	lpxD	2.3.1.-	COG1044	UDP-3-O-acylglucosamine N-acyltransferase
OFGNKLEL_02416	CDS	531				hypothetical protein
OFGNKLEL_02417	CDS	711	tamA		COG0729	Translocation and assembly module subunit TamA
OFGNKLEL_02418	CDS	1029	cysS_2	6.1.1.16	COG0215	Cysteine--tRNA ligase
OFGNKLEL_02419	CDS	972				hypothetical protein
OFGNKLEL_02420	CDS	189				Ferredoxin-2
OFGNKLEL_02421	CDS	243		3.5.3.18	COG1834	N(G),N(G)-dimethylarginine dimethylaminohydrolase
OFGNKLEL_02422	CDS	873	oppD_5		COG0444	Oligopeptide transport ATP-binding protein OppD
OFGNKLEL_02423	CDS	825	oppF_5		COG4608	Oligopeptide transport ATP-binding protein OppF
OFGNKLEL_02424	CDS	1233				hypothetical protein
OFGNKLEL_02425	CDS	1401		5.3.1.29		Putative thiazole biosynthetic enzyme
OFGNKLEL_02426	CDS	438				hypothetical protein
OFGNKLEL_02427	CDS	1023	phoR_2	2.7.13.3	COG0642	Alkaline phosphatase synthesis sensor protein PhoR
OFGNKLEL_02428	CDS	735	arlR		COG0745	Response regulator ArlR
OFGNKLEL_02429	CDS	723				hypothetical protein
OFGNKLEL_02430	CDS	1746				hypothetical protein
OFGNKLEL_02431	CDS	411				hypothetical protein
OFGNKLEL_02432	CDS	657				hypothetical protein
OFGNKLEL_02433	CDS	1110	mtnA	5.3.1.23	COG0182	Methylthioribose-1-phosphate isomerase
OFGNKLEL_02434	CDS	471				hypothetical protein
OFGNKLEL_02435	CDS	1338	bchE	1.21.98.3		Anaerobic magnesium-protoporphyrin IX monomethyl ester cyclase
OFGNKLEL_02436	CDS	339				hypothetical protein
OFGNKLEL_02437	CDS	573	trmH_1	2.1.1.34	COG0566	tRNA (guanosine(18)-2'-O)-methyltransferase
OFGNKLEL_02438	CDS	780	nadE	6.3.1.5	COG0171	NH(3)-dependent NAD(+) synthetase
OFGNKLEL_02439	CDS	1518	bmr3			Multidrug resistance protein 3
OFGNKLEL_02440	CDS	1152	dhaT_1	1.1.1.202	COG1454	1,3-propanediol dehydrogenase
OFGNKLEL_02441	CDS	414				hypothetical protein
OFGNKLEL_02442	CDS	612	nanR_2		COG2186	HTH-type transcriptional repressor NanR
OFGNKLEL_02443	CDS	1077		3.1.4.-	COG3437	Cyclic di-GMP phosphodiesterase
OFGNKLEL_02444	CDS	1071	typA		COG1217	GTP-binding protein TypA/BipA
OFGNKLEL_02445	CDS	294				hypothetical protein
OFGNKLEL_02446	CDS	1191				hypothetical protein
OFGNKLEL_02447	CDS	219				hypothetical protein
OFGNKLEL_02448	CDS	252				hypothetical protein
OFGNKLEL_02449	CDS	720	ltrA_3		COG3344	Group II intron-encoded protein LtrA
OFGNKLEL_02450	CDS	240				hypothetical protein
OFGNKLEL_02451	CDS	363	yccU		COG1832	putative protein YccU
OFGNKLEL_02452	CDS	558			COG0247	putative protein
OFGNKLEL_02453	CDS	948	ndhI_5	1.6.5.11		NAD(P)H-quinone oxidoreductase subunit I, chloroplastic
OFGNKLEL_02454	CDS	573				hypothetical protein
OFGNKLEL_02455	CDS	765		4.2.1.150	COG1024	Crotonyl-CoA hydratase
OFGNKLEL_02456	CDS	1803	lepA	3.6.5.-	COG0481	Elongation factor 4
OFGNKLEL_02457	CDS	1074				hypothetical protein
OFGNKLEL_02458	CDS	627	upp	2.4.2.9	COG0035	Uracil phosphoribosyltransferase
OFGNKLEL_02459	CDS	348				hypothetical protein
OFGNKLEL_02460	CDS	1833		4.1.1.61	COG0043	4-hydroxybenzoate decarboxylase subunit C
OFGNKLEL_02461	CDS	1299	gdpP	3.1.4.-	COG3887	Cyclic-di-AMP phosphodiesterase GdpP
OFGNKLEL_02462	CDS	369				hypothetical protein
OFGNKLEL_02463	CDS	1662				hypothetical protein
OFGNKLEL_02464	CDS	210				hypothetical protein
OFGNKLEL_02465	CDS	2166	sfrB	1.-.-.-	COG0493	NADPH-Fe(3+) oxidoreductase subunit beta
OFGNKLEL_02466	CDS	351				hypothetical protein
OFGNKLEL_02467	CDS	711	hcp_2	1.7.99.1	COG1151	Hydroxylamine reductase
OFGNKLEL_02468	CDS	231				hypothetical protein
OFGNKLEL_02469	CDS	165				hypothetical protein
OFGNKLEL_02470	CDS	162				hypothetical protein
OFGNKLEL_02471	CDS	90				hypothetical protein
OFGNKLEL_02472	CDS	1905	hilA		COG0457	Transcriptional regulator HilA
OFGNKLEL_02473	CDS	1257	yebS		COG2995	Inner membrane protein YebS
OFGNKLEL_02474	CDS	1701	pqiB		COG3008	Paraquat-inducible protein B
OFGNKLEL_02475	CDS	606				hypothetical protein
OFGNKLEL_02476	CDS	1155			COG3177	putative protein
OFGNKLEL_02477	CDS	915				hypothetical protein
OFGNKLEL_02478	CDS	216				hypothetical protein
OFGNKLEL_02479	CDS	384	mprA_4		COG0745	Response regulator MprA
OFGNKLEL_02480	CDS	411				hypothetical protein
OFGNKLEL_02481	CDS	420				hypothetical protein
OFGNKLEL_02482	CDS	477				hypothetical protein
OFGNKLEL_02483	CDS	1539				hypothetical protein
OFGNKLEL_02484	CDS	378				hypothetical protein
OFGNKLEL_02485	CDS	2169				hypothetical protein
OFGNKLEL_02486	CDS	939				hypothetical protein
OFGNKLEL_02487	CDS	1098				hypothetical protein
OFGNKLEL_02488	CDS	369	mtgB_10	2.1.1.-	COG5598	Glycine betaine methyltransferase
OFGNKLEL_02489	CDS	984	mtgB_11	2.1.1.-	COG5598	Glycine betaine methyltransferase
OFGNKLEL_02490	CDS	582				hypothetical protein
OFGNKLEL_02491	CDS	498				hypothetical protein
OFGNKLEL_02492	CDS	858	cvfB			Conserved virulence factor B
OFGNKLEL_02493	CDS	420				hypothetical protein
OFGNKLEL_02494	CDS	459				hypothetical protein
OFGNKLEL_02495	CDS	141				hypothetical protein
OFGNKLEL_02496	CDS	915	uvsE_2	3.-.-.-	COG4294	UV DNA damage endonuclease
OFGNKLEL_02497	CDS	456				hypothetical protein
OFGNKLEL_02498	CDS	786				hypothetical protein
OFGNKLEL_02499	CDS	1500				hypothetical protein
OFGNKLEL_02500	CDS	291				hypothetical protein
OFGNKLEL_02501	CDS	594	saeR		COG0745	Response regulator SaeR
OFGNKLEL_02502	CDS	1047				hypothetical protein
OFGNKLEL_02503	CDS	822				hypothetical protein
OFGNKLEL_02504	CDS	1965	ltaS1		COG1368	Lipoteichoic acid synthase 1
OFGNKLEL_02505	CDS	360	dgkA_2	2.7.1.107	COG0818	Diacylglycerol kinase
OFGNKLEL_02506	CDS	678	mprA_5		COG0745	Response regulator MprA
OFGNKLEL_02507	CDS	1359	arlS_2	2.7.13.3	COG0642	Signal transduction histidine-protein kinase ArlS
OFGNKLEL_02508	CDS	1104	mgs	2.4.1.337	COG0438	Alpha-monoglucosyldiacylglycerol synthase
OFGNKLEL_02509	CDS	1287				hypothetical protein
OFGNKLEL_02510	CDS	690		2.3.1.-	COG0110	Putative acetyltransferase
OFGNKLEL_02511	CDS	1155	epsD	2.4.-.-		Putative glycosyltransferase EpsD
OFGNKLEL_02512	CDS	1635				hypothetical protein
OFGNKLEL_02513	CDS	1284	hutI_2	3.5.2.7	COG1228	Imidazolonepropionase
OFGNKLEL_02514	CDS	924	hutU	4.2.1.49		Urocanate hydratase
OFGNKLEL_02515	CDS	1293				hypothetical protein
OFGNKLEL_02516	CDS	732	gntR			putative D-xylose utilization operon transcriptional repressor
OFGNKLEL_02517	CDS	1431		2.7.1.165	COG2379	D-glycerate 2-kinase
OFGNKLEL_02518	CDS	1284	eno_2	4.2.1.11	COG0148	Enolase
OFGNKLEL_02519	CDS	1464	mtgB_12	2.1.1.-	COG5598	Glycine betaine methyltransferase
OFGNKLEL_02520	CDS	1350				hypothetical protein
OFGNKLEL_02521	CDS	255				hypothetical protein
OFGNKLEL_02522	CDS	1623	dgcE_3	2.7.7.65	COG2202	putative diguanylate cyclase DgcE
OFGNKLEL_02523	CDS	1104	spo0J		COG1475	Stage 0 sporulation protein J
OFGNKLEL_02524	CDS	687				hypothetical protein
OFGNKLEL_02525	CDS	1461				hypothetical protein
OFGNKLEL_02526	CDS	195				hypothetical protein
OFGNKLEL_02527	CDS	849	ligA_2	6.5.1.1		DNA ligase
OFGNKLEL_02528	CDS	1341				hypothetical protein
OFGNKLEL_02529	CDS	687	yknY_2	3.6.3.-	COG1136	putative ABC transporter ATP-binding protein YknY
OFGNKLEL_02530	CDS	1236	macB_4	3.6.3.-		Macrolide export ATP-binding/permease protein MacB
OFGNKLEL_02531	CDS	189				hypothetical protein
OFGNKLEL_02532	CDS	1068	cbiG	3.7.1.12	COG2073	Cobalt-precorrin-5A hydrolase
OFGNKLEL_02533	CDS	786	cbiF	2.1.1.271	COG2875	Cobalt-precorrin-4 C(11)-methyltransferase
OFGNKLEL_02534	CDS	783	cbiET		COG2241	Cobalamin biosynthesis bifunctional protein CbiET
OFGNKLEL_02535	CDS	1173	doeA	3.5.4.44	COG0006	Ectoine hydrolase
OFGNKLEL_02536	CDS	663	patA_2	2.6.1.-	COG0436	Putative N-acetyl-LL-diaminopimelate aminotransferase
OFGNKLEL_02537	CDS	141	cmk	2.7.4.25	COG0283	Cytidylate kinase
OFGNKLEL_02538	CDS	1932	rpsA_2		COG0539	30S ribosomal protein S1
OFGNKLEL_02539	CDS	903	sppA	3.4.21.-	COG0616	Putative signal peptide peptidase SppA
OFGNKLEL_02540	CDS	609	yciO		COG0009	putative protein YciO
OFGNKLEL_02541	CDS	534				hypothetical protein
OFGNKLEL_02542	CDS	2007	ydhV_6	1.-.-.-	COG2414	putative oxidoreductase YdhV
OFGNKLEL_02543	CDS	189				hypothetical protein
OFGNKLEL_02544	CDS	849	pyrG_2	6.3.4.2		CTP synthase
OFGNKLEL_02545	CDS	375	walR_3		COG0745	Transcriptional regulatory protein WalR
OFGNKLEL_02546	CDS	597				hypothetical protein
OFGNKLEL_02547	CDS	672	mcbR_2		COG1802	HTH-type transcriptional regulator McbR
OFGNKLEL_02548	CDS	816	zupT		COG0428	Zinc transporter ZupT
OFGNKLEL_02549	CDS	1434	mtgB_13	2.1.1.-	COG5598	Glycine betaine methyltransferase
OFGNKLEL_02550	CDS	1581				hypothetical protein
OFGNKLEL_02551	CDS	1005				hypothetical protein
OFGNKLEL_02552	CDS	480				hypothetical protein
OFGNKLEL_02553	CDS	756	dinB	2.7.7.7		DNA polymerase IV
OFGNKLEL_02554	CDS	3051	dnaE_2	2.7.7.7	COG0587	DNA polymerase III subunit alpha
OFGNKLEL_02555	CDS	1185	cusA		COG3696	Cation efflux system protein CusA
OFGNKLEL_02556	CDS	468				hypothetical protein
OFGNKLEL_02557	CDS	132				hypothetical protein
OFGNKLEL_02558	CDS	597				hypothetical protein
OFGNKLEL_02559	CDS	246				hypothetical protein
OFGNKLEL_02560	CDS	672	metH_5	2.1.1.13	COG0646	Methionine synthase
OFGNKLEL_02561	CDS	1050	hemE_5	4.1.1.37	COG0407	Uroporphyrinogen decarboxylase
OFGNKLEL_02562	CDS	948	mtgA_2	2.1.1.-	COG1962	Methylcorrinoid:tetrahydrofolate methyltransferase
OFGNKLEL_02563	CDS	165				hypothetical protein
OFGNKLEL_02564	CDS	891			COG1132	putative ABC transporter ATP-binding protein
OFGNKLEL_02565	CDS	624	yfkO	1.-.-.-	COG0778	Putative NAD(P)H nitroreductase YfkO
OFGNKLEL_02566	CDS	777	yycJ_2	3.-.-.-	COG1235	Putative metallo-hydrolase YycJ
OFGNKLEL_02567	CDS	1707	pnp	2.7.7.8	COG1185	Polyribonucleotide nucleotidyltransferase
OFGNKLEL_02568	CDS	468	recX		COG2137	Regulatory protein RecX
OFGNKLEL_02569	CDS	1827				hypothetical protein
OFGNKLEL_02570	CDS	1824	kinE_2	2.7.13.3	COG2202	Sporulation kinase E
OFGNKLEL_02571	CDS	900	gloB_2	3.1.2.6		Hydroxyacylglutathione hydrolase
OFGNKLEL_02572	CDS	1200				hypothetical protein
OFGNKLEL_02573	CDS	879				hypothetical protein
OFGNKLEL_02574	CDS	411				hypothetical protein
OFGNKLEL_02575	CDS	825	mscS_2		COG0668	Small-conductance mechanosensitive channel
OFGNKLEL_02576	CDS	585	ubiE_2	2.1.1.163	COG2226	Ubiquinone/menaquinone biosynthesis C-methyltransferase UbiE
OFGNKLEL_02577	CDS	2076	glyS	6.1.1.14	COG0751	Glycine--tRNA ligase beta subunit
OFGNKLEL_02578	CDS	258				hypothetical protein
OFGNKLEL_02579	CDS	759	deoD	2.4.2.1	COG0813	Purine nucleoside phosphorylase DeoD-type
OFGNKLEL_02580	CDS	1797				hypothetical protein
OFGNKLEL_02581	CDS	147				hypothetical protein
OFGNKLEL_02582	CDS	1053	fabH	2.3.1.180		3-oxoacyl-[acyl-carrier-protein] synthase 3
OFGNKLEL_02583	CDS	915	dhmA2	3.8.1.5		Haloalkane dehalogenase 2
OFGNKLEL_02584	CDS	288	moaC	4.6.1.17	COG0315	Cyclic pyranopterin monophosphate synthase
OFGNKLEL_02585	CDS	1158				hypothetical protein
OFGNKLEL_02586	CDS	1221	mltA	4.2.2.-	COG2821	Membrane-bound lytic murein transglycosylase A
OFGNKLEL_02587	CDS	1029	tupC	3.6.3.55		Tungstate uptake system ATP-binding protein TupC
OFGNKLEL_02588	CDS	345	tupB		COG4662	Tungstate uptake system permease protein TupB
OFGNKLEL_02589	CDS	603	gltD_2	1.4.1.13	COG0493	Glutamate synthase [NADPH] small chain
OFGNKLEL_02590	CDS	1293	preA	1.3.1.1	COG0167	NAD-dependent dihydropyrimidine dehydrogenase subunit PreA
OFGNKLEL_02591	CDS	1392		3.5.2.-		D-hydantoinase
OFGNKLEL_02592	CDS	1446	pleD_6			Response regulator PleD
OFGNKLEL_02593	CDS	906	pyrD	1.3.1.14	COG0167	Dihydroorotate dehydrogenase B (NAD(+)), catalytic subunit
OFGNKLEL_02594	CDS	816	pyrK		COG0543	Dihydroorotate dehydrogenase B (NAD(+)), electron transfer subunit
OFGNKLEL_02595	CDS	669	pyrE	2.4.2.10	COG0461	Orotate phosphoribosyltransferase
OFGNKLEL_02596	CDS	930	mepM_2	3.4.24.-	COG0739	Murein DD-endopeptidase MepM
OFGNKLEL_02597	CDS	1038	argC	1.2.1.38	COG0002	N-acetyl-gamma-glutamyl-phosphate reductase
OFGNKLEL_02598	CDS	774	glnQ_5			Glutamine transport ATP-binding protein GlnQ
OFGNKLEL_02599	CDS	690	yhdY		COG0765	Inner membrane amino-acid ABC transporter permease protein YhdY
OFGNKLEL_02600	CDS	213				hypothetical protein
OFGNKLEL_02601	CDS	231				hypothetical protein
OFGNKLEL_02602	CDS	687				hypothetical protein
OFGNKLEL_02603	CDS	1326	proA	1.2.1.41	COG0014	Gamma-glutamyl phosphate reductase
OFGNKLEL_02604	CDS	159				hypothetical protein
OFGNKLEL_02605	CDS	315				hypothetical protein
OFGNKLEL_02606	CDS	831	tupA_1			Tungstate-binding protein TupA
OFGNKLEL_02607	CDS	249				hypothetical protein
OFGNKLEL_02608	CDS	840				hypothetical protein
OFGNKLEL_02609	CDS	549	rpoBC	2.7.7.6	COG0085	Bifunctional DNA-directed RNA polymerase subunit beta-beta'
OFGNKLEL_02610	CDS	642				hypothetical protein
OFGNKLEL_02611	CDS	816				hypothetical protein
OFGNKLEL_02612	CDS	1578	bclA	6.2.1.25		Benzoate--CoA ligase
OFGNKLEL_02613	CDS	1203			COG0683	Leu/Ile/Val-binding protein 
OFGNKLEL_02614	CDS	309				hypothetical protein
OFGNKLEL_02615	CDS	393				hypothetical protein
OFGNKLEL_02616	CDS	525				hypothetical protein
OFGNKLEL_02617	CDS	1062			COG4663	Monocarboxylate 2-oxoacid-binding periplasmic protein
OFGNKLEL_02618	CDS	1470	soxA_2	1.5.3.1		Sarcosine oxidase subunit alpha
OFGNKLEL_02619	CDS	636				hypothetical protein
OFGNKLEL_02620	CDS	1338	soxA_3	1.5.3.1		Monomeric sarcosine oxidase
OFGNKLEL_02621	CDS	768	etfB_3			Electron transfer flavoprotein subunit beta
OFGNKLEL_02622	CDS	954	etfA_1		COG2025	Electron transfer flavoprotein subunit alpha
OFGNKLEL_02623	CDS	366	walK_5	2.7.13.3		Sensor histidine kinase WalK
OFGNKLEL_02624	CDS	447				hypothetical protein
OFGNKLEL_02625	CDS	1101	yddM_2		COG3093	putative HTH-type transcriptional regulator YddM
OFGNKLEL_02626	CDS	303				hypothetical protein
OFGNKLEL_02627	CDS	660				hypothetical protein
OFGNKLEL_02628	CDS	303				hypothetical protein
OFGNKLEL_02629	CDS	390				hypothetical protein
OFGNKLEL_02630	CDS	381				hypothetical protein
OFGNKLEL_02631	CDS	1137				hypothetical protein
OFGNKLEL_02632	CDS	228				hypothetical protein
OFGNKLEL_02633	CDS	342				hypothetical protein
OFGNKLEL_02634	CDS	588				hypothetical protein
OFGNKLEL_02635	CDS	288	porD_2		COG1144	Pyruvate synthase subunit PorD
OFGNKLEL_02636	CDS	1263	padG	1.2.1.58		NADH-dependent phenylglyoxylate dehydrogenase subunit alpha
OFGNKLEL_02637	CDS	960	padI_2	1.2.1.58		NADH-dependent phenylglyoxylate dehydrogenase subunit beta
OFGNKLEL_02638	CDS	258	nadA_2	2.5.1.72	COG0379	Quinolinate synthase A
OFGNKLEL_02639	CDS	744			COG0217	putative transcriptional regulatory protein
OFGNKLEL_02640	CDS	627	rlmE	2.1.1.166	COG0293	Ribosomal RNA large subunit methyltransferase E
OFGNKLEL_02641	CDS	1362	radA	3.6.4.-	COG1066	DNA repair protein RadA
OFGNKLEL_02642	CDS	405				hypothetical protein
OFGNKLEL_02643	CDS	531	tupA_2			Tungstate-binding protein TupA
OFGNKLEL_02644	CDS	339				hypothetical protein
OFGNKLEL_02645	CDS	339				hypothetical protein
OFGNKLEL_02646	CDS	480				hypothetical protein
OFGNKLEL_02647	CDS	255				hypothetical protein
OFGNKLEL_02648	CDS	2799				hypothetical protein
OFGNKLEL_02649	CDS	1404				hypothetical protein
OFGNKLEL_02650	CDS	207				hypothetical protein
OFGNKLEL_02651	CDS	1374		2.1.1.72	COG0286	putative type I restriction enzymeP M protein
OFGNKLEL_02652	CDS	1548				hypothetical protein
OFGNKLEL_02653	CDS	1053				hypothetical protein
OFGNKLEL_02654	CDS	621				hypothetical protein
OFGNKLEL_02655	CDS	1089				hypothetical protein
OFGNKLEL_02656	CDS	429				hypothetical protein
OFGNKLEL_02657	CDS	249				hypothetical protein
OFGNKLEL_02658	CDS	507				hypothetical protein
OFGNKLEL_02659	CDS	168				hypothetical protein
OFGNKLEL_02660	CDS	747				hypothetical protein
OFGNKLEL_02661	CDS	969				hypothetical protein
OFGNKLEL_02662	CDS	519	tadA_2	3.5.4.33		tRNA-specific adenosine deaminase
OFGNKLEL_02663	CDS	177				hypothetical protein
OFGNKLEL_02664	CDS	204				hypothetical protein
OFGNKLEL_02665	CDS	300				hypothetical protein
OFGNKLEL_02666	CDS	1425	pkn1_2	2.7.11.1	COG0515	Serine/threonine-protein kinase pkn1
OFGNKLEL_02667	CDS	780	hisK_2	3.1.3.15	COG1387	Histidinol-phosphatase
OFGNKLEL_02668	CDS	1047	tyrB	2.6.1.57	COG1448	Aromatic-amino-acid aminotransferase
OFGNKLEL_02669	CDS	120				hypothetical protein
OFGNKLEL_02670	CDS	828		3.5.1.29		2-(acetamidomethylene)succinate hydrolase
OFGNKLEL_02671	CDS	300				hypothetical protein
OFGNKLEL_02672	CDS	447	trxA_3			Thioredoxin 1
OFGNKLEL_02673	CDS	897				hypothetical protein
OFGNKLEL_02674	CDS	417	exbD_2		COG0848	Biopolymer transport protein ExbD
OFGNKLEL_02675	CDS	711	tolQ_2		COG0811	Protein TolQ
OFGNKLEL_02676	CDS	1659	groL5			60 kDa chaperonin 5
OFGNKLEL_02677	CDS	288	groS5			10 kDa chaperonin 5
OFGNKLEL_02678	CDS	333				hypothetical protein
OFGNKLEL_02679	CDS	540				hypothetical protein
OFGNKLEL_02680	CDS	939	hflC		COG0330	Modulator of FtsH protease HflC
OFGNKLEL_02681	CDS	474	hflK		COG0330	Modulator of FtsH protease HflK
OFGNKLEL_02682	CDS	1803				hypothetical protein
OFGNKLEL_02683	CDS	1683	comEC		COG0658	ComE operon protein 3
OFGNKLEL_02684	CDS	1536	atoS_11	2.7.13.3	COG0642	Signal transduction histidine-protein kinase AtoS
OFGNKLEL_02685	CDS	1557	cckA_24			Sensor kinase CckA
OFGNKLEL_02686	CDS	375	pka	2.3.1.-	COG0454	Protein lysine acetyltransferase Pka
OFGNKLEL_02687	CDS	576				hypothetical protein
OFGNKLEL_02688	CDS	300				hypothetical protein
OFGNKLEL_02689	CDS	882	ispE	2.7.1.148	COG1947	4-diphosphocytidyl-2-C-methyl-D-erythritol kinase
OFGNKLEL_02690	tRNA	75				tRNA-Gln(ttg)
OFGNKLEL_02691	CDS	939	prs	2.7.6.1	COG0462	Ribose-phosphate pyrophosphokinase
OFGNKLEL_02692	CDS	654	ctc		COG1825	General stress protein CTC
OFGNKLEL_02693	CDS	579	pth	3.1.1.29	COG0193	Peptidyl-tRNA hydrolase
OFGNKLEL_02694	CDS	534	carD_2		COG1329	RNA polymerase-binding transcription factor CarD
OFGNKLEL_02695	CDS	930	rluD	5.4.99.23	COG0564	Ribosomal large subunit pseudouridine synthase D
OFGNKLEL_02696	CDS	1143	acrC	1.3.1.95		Acryloyl-CoA reductase (NADH)
OFGNKLEL_02697	CDS	276		2.1.3.1	COG4799	Methylmalonyl-CoA carboxyltransferase 12S subunit
OFGNKLEL_02698	CDS	426				hypothetical protein
OFGNKLEL_02699	CDS	402				hypothetical protein
OFGNKLEL_02700	CDS	435	rplM		COG0102	50S ribosomal protein L13
OFGNKLEL_02701	CDS	396	rpsI		COG0103	30S ribosomal protein S9
OFGNKLEL_02702	CDS	1074				hypothetical protein
OFGNKLEL_02703	CDS	705	cbiL	2.1.1.151	COG2243	Cobalt-precorrin-2 C(20)-methyltransferase
OFGNKLEL_02704	CDS	960	btuF_2			Vitamin B12-binding protein
OFGNKLEL_02705	CDS	165				hypothetical protein
OFGNKLEL_02706	CDS	504		3.1.3.-	COG2062	putative protein
OFGNKLEL_02707	CDS	1287				hypothetical protein
OFGNKLEL_02708	CDS	1572	rng	3.1.26.-	COG1530	Ribonuclease G
OFGNKLEL_02709	CDS	135	rpmH		COG0230	50S ribosomal protein L34
OFGNKLEL_02710	CDS	360	rnpA	3.1.26.5	COG0594	Ribonuclease P protein component
OFGNKLEL_02711	CDS	210	yidD		COG0759	Putative membrane protein insertion efficiency factor
OFGNKLEL_02712	CDS	1311	ydhV_7	1.-.-.-	COG2414	putative oxidoreductase YdhV
OFGNKLEL_02713	CDS	357				hypothetical protein
OFGNKLEL_02714	CDS	1368	cysK	2.5.1.47		Cysteine synthase
OFGNKLEL_02715	CDS	1755		1.14.14.51		Limonene hydroxylase
OFGNKLEL_02716	CDS	531				hypothetical protein
OFGNKLEL_02717	CDS	1452	mtgB_14	2.1.1.-	COG5598	Glycine betaine methyltransferase
OFGNKLEL_02718	CDS	945	etfA_2		COG2025	Electron transfer flavoprotein subunit alpha
OFGNKLEL_02719	CDS	768	etfB_4			Electron transfer flavoprotein subunit beta
OFGNKLEL_02720	CDS	378	mtgB_15	2.1.1.-	COG5598	Glycine betaine methyltransferase
OFGNKLEL_02721	CDS	1212	sdaA	4.3.1.17	COG1760	L-serine dehydratase 1
OFGNKLEL_02722	CDS	780		4.1.1.76		Arylmalonate decarboxylase
OFGNKLEL_02723	CDS	1068	pepE	3.4.13.-	COG0006	putative dipeptidase PepE
OFGNKLEL_02724	CDS	1149			COG4663	Lactate-binding periplasmic protein
OFGNKLEL_02725	CDS	1146				hypothetical protein
OFGNKLEL_02726	CDS	1365	dctM_6		COG1593	C4-dicarboxylate TRAP transporter large permease protein DctM
OFGNKLEL_02727	CDS	1080	rsgA	3.6.1.-	COG1162	Small ribosomal subunit biogenesis GTPase RsgA
OFGNKLEL_02728	CDS	540				hypothetical protein
OFGNKLEL_02729	CDS	333				hypothetical protein
OFGNKLEL_02730	CDS	492	argA_2	2.3.1.1		Amino-acid acetyltransferase
OFGNKLEL_02731	CDS	288				hypothetical protein
OFGNKLEL_02732	CDS	444				hypothetical protein
OFGNKLEL_02733	CDS	471				hypothetical protein
OFGNKLEL_02734	CDS	240				hypothetical protein
OFGNKLEL_02735	CDS	717				hypothetical protein
OFGNKLEL_02736	CDS	102				hypothetical protein
OFGNKLEL_02737	CDS	90				hypothetical protein
OFGNKLEL_02738	CDS	258				hypothetical protein
OFGNKLEL_02739	CDS	192				hypothetical protein
OFGNKLEL_02740	CDS	495				Putative universal stress protein
OFGNKLEL_02741	CDS	792				hypothetical protein
OFGNKLEL_02742	CDS	990	vanA	6.1.2.1		Vancomycin/teicoplanin A-type resistance protein VanA
OFGNKLEL_02743	CDS	933	murI	5.1.1.3	COG0796	Glutamate racemase
OFGNKLEL_02744	CDS	1257	capA			Capsule biosynthesis protein CapA
OFGNKLEL_02745	CDS	1554				hypothetical protein
OFGNKLEL_02746	CDS	450				hypothetical protein
OFGNKLEL_02747	CDS	243	relJ		COG2161	Antitoxin RelJ
OFGNKLEL_02748	CDS	1458	mtgB_16	2.1.1.-	COG5598	Glycine betaine methyltransferase
OFGNKLEL_02749	CDS	876	ycaD			putative MFS-type transporter YcaD
OFGNKLEL_02750	CDS	999	uvrA_2		COG0178	UvrABC system protein A
OFGNKLEL_02751	CDS	756				hypothetical protein
OFGNKLEL_02752	CDS	1347	era_2			GTPase Era
OFGNKLEL_02753	CDS	849				putative protein
OFGNKLEL_02754	CDS	1371				hypothetical protein
OFGNKLEL_02755	CDS	180				hypothetical protein
OFGNKLEL_02756	CDS	1350	yeeO		COG0534	putative FMN/FAD exporter YeeO
OFGNKLEL_02757	CDS	1326	srfAB			Surfactin synthase subunit 2
OFGNKLEL_02758	CDS	252	dinJ			Antitoxin DinJ
OFGNKLEL_02759	CDS	627	ycgJ_2	2.1.1.-		putative methyltransferase YcgJ
OFGNKLEL_02760	CDS	1026				hypothetical protein
OFGNKLEL_02761	CDS	723	ltrA_4		COG3344	Group II intron-encoded protein LtrA
OFGNKLEL_02762	CDS	297				hypothetical protein
OFGNKLEL_02763	CDS	618				hypothetical protein
OFGNKLEL_02764	CDS	1167	fic_3	2.7.7.-	COG3177	Adenosine monophosphate-protein transferase SoFic
OFGNKLEL_02765	CDS	252				hypothetical protein
OFGNKLEL_02766	CDS	324				hypothetical protein
OFGNKLEL_02767	CDS	285	parD1		COG3609	Antitoxin ParD1
OFGNKLEL_02768	CDS	924	yccM_3		COG0348	Putative electron transport protein YccM
OFGNKLEL_02769	CDS	1146	mutY	3.2.2.-	COG1194	Adenine DNA glycosylase
OFGNKLEL_02770	CDS	1356				hypothetical protein
OFGNKLEL_02771	CDS	1185				hypothetical protein
OFGNKLEL_02772	CDS	939				hypothetical protein
OFGNKLEL_02773	CDS	525				hypothetical protein
OFGNKLEL_02774	CDS	243				hypothetical protein
OFGNKLEL_02775	CDS	276				hypothetical protein
OFGNKLEL_02776	CDS	516				hypothetical protein
OFGNKLEL_02777	CDS	336				hypothetical protein
OFGNKLEL_02778	CDS	762				hypothetical protein
OFGNKLEL_02779	CDS	453				hypothetical protein
OFGNKLEL_02780	CDS	1011	trpS	6.1.1.2	COG0180	Tryptophan--tRNA ligase
OFGNKLEL_02781	CDS	720	rluF	5.4.99.21	COG1187	23S rRNA pseudouridine(2604) synthase
OFGNKLEL_02782	CDS	156	argJ	2.3.1.1		Arginine biosynthesis bifunctional protein ArgJ
OFGNKLEL_02783	CDS	240				hypothetical protein
OFGNKLEL_02784	CDS	462				hypothetical protein
OFGNKLEL_02785	CDS	492				hypothetical protein
OFGNKLEL_02786	CDS	3288	wapA	3.1.-.-		tRNA(Glu)-specific nuclease WapA
OFGNKLEL_02787	CDS	2145	merA	1.16.1.1		Mercuric reductase
OFGNKLEL_02788	CDS	1263		1.6.99.-		NADH dehydrogenase-like protein
OFGNKLEL_02789	CDS	576				hypothetical protein
OFGNKLEL_02790	CDS	222				hypothetical protein
OFGNKLEL_02791	CDS	180	rd2		COG1773	Rubredoxin-2
OFGNKLEL_02792	CDS	888				hypothetical protein
OFGNKLEL_02793	CDS	1263				hypothetical protein
OFGNKLEL_02794	CDS	636	pdg			Ultraviolet N-glycosylase/AP lyase
OFGNKLEL_02795	CDS	1701	ubiB	2.7.-.-	COG0661	putative protein kinase UbiB
OFGNKLEL_02796	CDS	303				hypothetical protein
OFGNKLEL_02797	CDS	1848	dmdC_4	1.3.8.-	COG1960	3-methylmercaptopropionyl-CoA dehydrogenase
OFGNKLEL_02798	CDS	840	rbn_4	3.1.26.11		Ribonuclease BN
OFGNKLEL_02799	CDS	1221	ampG		COG0477	Protein AmpG
OFGNKLEL_02800	CDS	198		5.3.1.29		Putative thiazole biosynthetic enzyme
OFGNKLEL_02801	CDS	1728	yheI	3.6.3.-	COG1132	putative multidrug resistance ABC transporter ATP-binding/permease protein YheI
OFGNKLEL_02802	CDS	267				hypothetical protein
OFGNKLEL_02803	CDS	204	livH_7		COG0559	High-affinity branched-chain amino acid transport system permease protein LivH
OFGNKLEL_02804	CDS	1044				hypothetical protein
OFGNKLEL_02805	CDS	1182	braC_6		COG0683	Leucine-, isoleucine-, valine-, threonine-, and alanine-binding protein
OFGNKLEL_02806	CDS	804	livF_9		COG0410	High-affinity branched-chain amino acid transport ATP-binding protein LivF
OFGNKLEL_02807	CDS	1350	btrV_3		COG1366	Putative anti-sigma factor antagonist BtrV
OFGNKLEL_02808	CDS	1674		3.1.4.-	COG2206	3'3'-cGAMP-specific phosphodiesterase 1
OFGNKLEL_02809	CDS	474				hypothetical protein
OFGNKLEL_02810	CDS	261				hypothetical protein
OFGNKLEL_02811	CDS	387	vapC4	3.1.-.-	COG1487	Ribonuclease VapC4
OFGNKLEL_02812	CDS	261				hypothetical protein
OFGNKLEL_02813	CDS	219				hypothetical protein
OFGNKLEL_02814	CDS	258				hypothetical protein
OFGNKLEL_02815	CDS	276	yafQ	3.1.-.-	COG3041	mRNA interferase toxin YafQ
OFGNKLEL_02816	CDS	300				hypothetical protein
OFGNKLEL_02817	CDS	297				hypothetical protein
OFGNKLEL_02818	CDS	864	rsmI	2.1.1.198	COG0313	Ribosomal RNA small subunit methyltransferase I
OFGNKLEL_02819	CDS	366				hypothetical protein
OFGNKLEL_02820	CDS	621	rnhB	3.1.26.4	COG0164	Ribonuclease HII
OFGNKLEL_02821	CDS	351	rplS		COG0335	50S ribosomal protein L19
OFGNKLEL_02822	CDS	564			COG4752	putative protein
OFGNKLEL_02823	CDS	753	trmD	2.1.1.228		tRNA (guanine-N(1)-)-methyltransferase
OFGNKLEL_02824	CDS	1635	gltB_2	1.4.1.13	COG0067	Glutamate synthase [NADPH] large chain
OFGNKLEL_02825	CDS	504				hypothetical protein
OFGNKLEL_02826	CDS	669	cysG		COG0007	Siroheme synthase
OFGNKLEL_02827	CDS	834	ccsA			Cytochrome c biogenesis protein CcsA
OFGNKLEL_02828	CDS	1278	hemA	1.2.1.70	COG0373	Glutamyl-tRNA reductase
OFGNKLEL_02829	CDS	363	dksA		COG1734	RNA polymerase-binding transcription factor DksA
OFGNKLEL_02830	CDS	687			COG1842	Phage shock protein A 
OFGNKLEL_02831	CDS	444				hypothetical protein
OFGNKLEL_02832	CDS	657				hypothetical protein
OFGNKLEL_02833	CDS	654				hypothetical protein
OFGNKLEL_02834	CDS	888				hypothetical protein
OFGNKLEL_02835	CDS	645	metH_6	2.1.1.13	COG0646	Methionine synthase
OFGNKLEL_02836	CDS	456	hemE_6	4.1.1.37		Uroporphyrinogen decarboxylase
OFGNKLEL_02837	CDS	720	purN	2.1.2.2	COG0299	Phosphoribosylglycinamide formyltransferase
OFGNKLEL_02838	CDS	1221				hypothetical protein
OFGNKLEL_02839	CDS	219				hypothetical protein
OFGNKLEL_02840	CDS	312				hypothetical protein
OFGNKLEL_02841	CDS	321				hypothetical protein
OFGNKLEL_02842	CDS	492				hypothetical protein
OFGNKLEL_02843	CDS	576				hypothetical protein
OFGNKLEL_02844	CDS	1737				hypothetical protein
OFGNKLEL_02845	CDS	1359	fadF_5	1.-.-.-	COG0247	putative iron-sulfur-binding oxidoreductase FadF
OFGNKLEL_02846	CDS	960	yciC		COG0523	Putative metal chaperone YciC
OFGNKLEL_02847	CDS	1308				hypothetical protein
OFGNKLEL_02848	CDS	666	degU_3		COG2197	Transcriptional regulatory protein DegU
OFGNKLEL_02849	CDS	1653	degS_5	2.7.13.3		Signal transduction histidine-protein kinase/phosphatase DegS
OFGNKLEL_02850	CDS	825				hypothetical protein
OFGNKLEL_02851	CDS	1758	actP_2		COG4147	Cation/acetate symporter ActP
OFGNKLEL_02852	CDS	258				hypothetical protein
OFGNKLEL_02853	CDS	1017	epd	1.2.1.72	COG0057	D-erythrose-4-phosphate dehydrogenase
OFGNKLEL_02854	CDS	783	bchL	1.3.7.7		Light-independent protochlorophyllide reductase iron-sulfur ATP-binding protein
OFGNKLEL_02855	CDS	138				hypothetical protein
OFGNKLEL_02856	CDS	960				hypothetical protein
OFGNKLEL_02857	CDS	1041	yhcG_2	3.1.-.-	COG4804	Putative nuclease YhcG
OFGNKLEL_02858	CDS	447				hypothetical protein
OFGNKLEL_02859	CDS	1467	sucD_2	1.2.1.76	COG1012	Succinate-semialdehyde dehydrogenase (acetylating)
OFGNKLEL_02860	CDS	939				hypothetical protein
OFGNKLEL_02861	CDS	408				hypothetical protein
OFGNKLEL_02862	CDS	1626				hypothetical protein
OFGNKLEL_02863	CDS	351	rhaS_2			HTH-type transcriptional activator RhaS
OFGNKLEL_02864	CDS	1743	uvrD2	3.6.4.12	COG0210	ATP-dependent DNA helicase UvrD2
OFGNKLEL_02865	CDS	1329	ugpB		COG1653	sn-glycerol-3-phosphate-binding periplasmic protein UgpB
OFGNKLEL_02866	CDS	1098	ugpC	3.6.3.20	COG3839	sn-glycerol-3-phosphate import ATP-binding protein UgpC
OFGNKLEL_02867	CDS	888	bchM	2.1.1.11	COG2227	Magnesium-protoporphyrin O-methyltransferase
OFGNKLEL_02868	CDS	3216	acrB		COG0841	Multidrug efflux pump subunit AcrB
OFGNKLEL_02869	CDS	1302	srpA			Solvent efflux pump periplasmic linker SrpA
OFGNKLEL_02870	CDS	729		3.1.2.28		1,4-dihydroxy-2-naphthoyl-CoA hydrolase
OFGNKLEL_02871	CDS	2625	tmoS	2.7.13.3		Sensor histidine kinase TmoS
OFGNKLEL_02872	CDS	306				hypothetical protein
OFGNKLEL_02873	CDS	540	yitJ_6		COG0646	Bifunctional homocysteine S-methyltransferase/5,10-methylenetetrahydrofolate reductase
OFGNKLEL_02874	CDS	1443	rpoN		COG1508	RNA polymerase sigma-54 factor
OFGNKLEL_02875	CDS	723	lptB_9	3.6.3.-	COG1137	Lipopolysaccharide export system ATP-binding protein LptB
OFGNKLEL_02876	CDS	576	lptA			Lipopolysaccharide export system protein LptA
OFGNKLEL_02877	CDS	579	lptC			Lipopolysaccharide export system protein LptC
OFGNKLEL_02878	CDS	516	kdsC	3.1.3.45	COG1778	3-deoxy-D-manno-octulosonate 8-phosphate phosphatase KdsC
OFGNKLEL_02879	CDS	813	kdsA	2.5.1.55	COG2877	2-dehydro-3-deoxyphosphooctonate aldolase
OFGNKLEL_02880	CDS	726	rimI	2.3.1.128	COG0456	Ribosomal-protein-alanine acetyltransferase
OFGNKLEL_02881	CDS	183				hypothetical protein
OFGNKLEL_02882	CDS	1215				hypothetical protein
OFGNKLEL_02883	CDS	648				hypothetical protein
OFGNKLEL_02884	CDS	462	hisC_2	2.6.1.9	COG0079	Histidinol-phosphate aminotransferase
OFGNKLEL_02885	CDS	1116	korA_2	1.2.7.3	COG0674	2-oxoglutarate oxidoreductase subunit KorA
OFGNKLEL_02886	CDS	699	rspR_6		COG1802	HTH-type transcriptional repressor RspR
OFGNKLEL_02887	CDS	171				hypothetical protein
OFGNKLEL_02888	CDS	270				hypothetical protein
OFGNKLEL_02889	CDS	1284			COG0683	Leu/Ile/Val-binding protein 
OFGNKLEL_02890	CDS	873	livH_8		COG0559	High-affinity branched-chain amino acid transport system permease protein LivH
OFGNKLEL_02891	CDS	1005				hypothetical protein
OFGNKLEL_02892	CDS	753	lptB_10	3.6.3.-	COG1137	Lipopolysaccharide export system ATP-binding protein LptB
OFGNKLEL_02893	CDS	747	livF_10		COG0410	High-affinity branched-chain amino acid transport ATP-binding protein LivF
OFGNKLEL_02894	CDS	1635	fadD_3	6.2.1.3	COG0318	Long-chain-fatty-acid--CoA ligase
OFGNKLEL_02895	CDS	2262				hypothetical protein
OFGNKLEL_02896	CDS	234				hypothetical protein
OFGNKLEL_02897	CDS	372				hypothetical protein
OFGNKLEL_02898	CDS	192				hypothetical protein
OFGNKLEL_02899	CDS	855	panB_3	2.1.2.11	COG0413	3-methyl-2-oxobutanoate hydroxymethyltransferase
OFGNKLEL_02900	CDS	765	kdgR		COG1414	Transcriptional regulator KdgR
OFGNKLEL_02901	CDS	1392	fadF_6	1.-.-.-	COG0247	putative iron-sulfur-binding oxidoreductase FadF
OFGNKLEL_02902	CDS	438	iscR		COG1959	HTH-type transcriptional regulator IscR
OFGNKLEL_02903	CDS	1797		1.3.8.1	COG1960	Butyryl-CoA dehydrogenase
OFGNKLEL_02904	CDS	306				hypothetical protein
OFGNKLEL_02905	CDS	1257				hypothetical protein
OFGNKLEL_02906	CDS	438	yqaA		COG1238	Inner membrane protein YqaA
OFGNKLEL_02907	CDS	873	glxR	1.1.1.60	COG2084	2-hydroxy-3-oxopropionate reductase
OFGNKLEL_02908	CDS	456				hypothetical protein
OFGNKLEL_02909	CDS	849				hypothetical protein
OFGNKLEL_02910	CDS	513	glpE_2	2.8.1.1		Thiosulfate sulfurtransferase GlpE
OFGNKLEL_02911	CDS	234				hypothetical protein
OFGNKLEL_02912	CDS	1068			COG0701	Putative two-component membrane permease complex subunit SMU_747c
OFGNKLEL_02913	CDS	345	arsR		COG0640	Arsenical resistance operon repressor
OFGNKLEL_02914	CDS	411	arsR1		COG0640	Arsenic resistance transcriptional regulator ArsR1
OFGNKLEL_02915	CDS	447	arsC	1.20.4.4	COG0394	Arsenate reductase
OFGNKLEL_02916	CDS	330				hypothetical protein
OFGNKLEL_02917	CDS	1239	nrtP		COG2223	Nitrate/nitrite transporter NrtP
OFGNKLEL_02918	CDS	1044	korB_2	1.2.7.3	COG1013	2-oxoglutarate oxidoreductase subunit KorB
OFGNKLEL_02919	CDS	1254	murA	2.5.1.7	COG0766	UDP-N-acetylglucosamine 1-carboxyvinyltransferase
OFGNKLEL_02920	CDS	111				hypothetical protein
OFGNKLEL_02921	CDS	2124	scpA	5.4.99.2	COG1884	Methylmalonyl-CoA mutase
OFGNKLEL_02922	CDS	981		3.6.-.-	COG1703	putative GTPase
OFGNKLEL_02923	CDS	258	yvyD		COG1544	Ribosome hibernation promotion factor
OFGNKLEL_02924	CDS	459	fruA		COG1299	PTS system fructose-specific EIIABC component
OFGNKLEL_02925	CDS	876			COG1660	Nucleotide-binding protein
OFGNKLEL_02926	CDS	414	levD		COG2893	PTS system fructose-specific EIIA component
OFGNKLEL_02927	CDS	1008	gap	1.2.1.12		Glyceraldehyde-3-phosphate dehydrogenase
OFGNKLEL_02928	CDS	759	tpiA	5.3.1.1		Triosephosphate isomerase
OFGNKLEL_02929	CDS	288	secG		COG1314	Protein-export membrane protein SecG
OFGNKLEL_02930	tRNA	85				tRNA-Leu(gag)
OFGNKLEL_02931	CDS	1746	clpX_2		COG1219	ATP-dependent Clp protease ATP-binding subunit ClpX
OFGNKLEL_02932	CDS	1191	mftC_1	2.-.-.-	COG0535	Putative mycofactocin radical SAM maturase MftC
OFGNKLEL_02933	CDS	975	hemB	4.2.1.24		Delta-aminolevulinic acid dehydratase
OFGNKLEL_02934	CDS	1083	mftC_2	2.-.-.-	COG0535	Putative mycofactocin radical SAM maturase MftC
OFGNKLEL_02935	CDS	1419	pfp	2.7.1.90	COG0205	Pyrophosphate--fructose 6-phosphate 1-phosphotransferase
OFGNKLEL_02936	CDS	1740				hypothetical protein
OFGNKLEL_02937	CDS	513	yfcE	3.1.4.-	COG0622	Phosphodiesterase YfcE
OFGNKLEL_02938	CDS	1182	citZ	2.3.3.16	COG0372	Citrate synthase 2
OFGNKLEL_02939	CDS	330				hypothetical protein
OFGNKLEL_02940	CDS	267				hypothetical protein
OFGNKLEL_02941	CDS	1155	lldD	1.1.-.-	COG1304	L-lactate dehydrogenase
OFGNKLEL_02942	CDS	405				hypothetical protein
OFGNKLEL_02943	CDS	201				hypothetical protein
OFGNKLEL_02944	CDS	327				hypothetical protein
OFGNKLEL_02945	CDS	795	acsE_2	2.1.1.258	COG1410	5-methyltetrahydrofolate:corrinoid/iron-sulfur protein co-methyltransferase
OFGNKLEL_02946	CDS	1104	mscK		COG3264	Mechanosensitive channel MscK
OFGNKLEL_02947	CDS	177				hypothetical protein
OFGNKLEL_02948	CDS	666	dhaT_2	1.1.1.202	COG1454	1,3-propanediol dehydrogenase
OFGNKLEL_02949	CDS	1875	ydhV_8	1.-.-.-	COG2414	putative oxidoreductase YdhV
OFGNKLEL_02950	CDS	888	ybbH		COG1737	putative HTH-type transcriptional regulator YbbH
OFGNKLEL_02951	CDS	705	guaA_2	6.3.5.2		GMP synthase [glutamine-hydrolyzing]
OFGNKLEL_02952	CDS	255				hypothetical protein
OFGNKLEL_02953	CDS	687		2.8.1.-	COG0607	Sulfurtransferase
OFGNKLEL_02954	CDS	351	trpB_2	4.2.1.20		Tryptophan synthase beta chain
OFGNKLEL_02955	CDS	300				hypothetical protein
OFGNKLEL_02956	CDS	729				hypothetical protein
OFGNKLEL_02957	CDS	1248	mopR			Phenol regulator MopR
OFGNKLEL_02958	CDS	1401	zraS_6	2.7.13.3		Sensor protein ZraS
OFGNKLEL_02959	CDS	492	spo0F_3	2.7.-.-	COG0784	Sporulation initiation phosphotransferase F
OFGNKLEL_02960	CDS	1236				hypothetical protein
OFGNKLEL_02961	CDS	1428	davD	1.2.1.20	COG1012	Glutarate-semialdehyde dehydrogenase DavD
OFGNKLEL_02962	CDS	564	pspA	3.1.3.3	COG0406	Phosphoserine phosphatase 1
OFGNKLEL_02963	CDS	345				hypothetical protein
OFGNKLEL_02964	CDS	2448	abo_2	1.5.3.19		4-methylaminobutanoate oxidase (formaldehyde-forming)
OFGNKLEL_02965	CDS	426				hypothetical protein
OFGNKLEL_02966	CDS	426	xcpT_2		COG2165	Type II secretion system protein G
OFGNKLEL_02967	CDS	1425	vnfA_3		COG3604	Nitrogen fixation protein VnfA
OFGNKLEL_02968	CDS	165				hypothetical protein
OFGNKLEL_02969	CDS	4806	pksJ		COG0318	Polyketide synthase PksJ
OFGNKLEL_02970	CDS	285				hypothetical protein
OFGNKLEL_02971	CDS	1164	lysDH	1.4.1.18		Lysine 6-dehydrogenase
OFGNKLEL_02972	CDS	1254	kat	2.6.1.111		3-aminobutyryl-CoA aminotransferase
OFGNKLEL_02973	CDS	666				hypothetical protein
OFGNKLEL_02974	CDS	312	dhaT_3	1.1.1.202	COG1454	1,3-propanediol dehydrogenase
OFGNKLEL_02975	CDS	918	glnA	6.3.1.2	COG0174	Glutamine synthetase
OFGNKLEL_02976	CDS	885	mltB_2	4.2.2.-	COG2951	Membrane-bound lytic murein transglycosylase B
OFGNKLEL_02977	CDS	207				hypothetical protein
OFGNKLEL_02978	tRNA	75				tRNA-Glu(ctc)
OFGNKLEL_02979	CDS	1086				hypothetical protein
OFGNKLEL_02980	CDS	435	phaJ_3	4.2.1.119	COG2030	(R)-specific enoyl-CoA hydratase
OFGNKLEL_02981	CDS	636	vatD	2.3.1.-		Streptogramin A acetyltransferase
OFGNKLEL_02982	CDS	516				hypothetical protein
OFGNKLEL_02983	CDS	1005				hypothetical protein
OFGNKLEL_02984	CDS	513				hypothetical protein
OFGNKLEL_02985	CDS	468	ybaK	4.2.-.-	COG2606	Cys-tRNA(Pro)/Cys-tRNA(Cys) deacylase YbaK
OFGNKLEL_02986	CDS	345				hypothetical protein
OFGNKLEL_02987	CDS	402				hypothetical protein
OFGNKLEL_02988	CDS	267				hypothetical protein
OFGNKLEL_02989	CDS	654				hypothetical protein
OFGNKLEL_02990	CDS	2001		1.16.1.-	COG0446	Metal reductase
OFGNKLEL_02991	CDS	345	tesB	3.1.2.-	COG1946	Acyl-CoA thioesterase 2
OFGNKLEL_02992	CDS	738	ribX			Riboflavin transport system permease protein RibX
OFGNKLEL_02993	CDS	747	tauB	3.6.3.36	COG4525	Taurine import ATP-binding protein TauB
OFGNKLEL_02994	CDS	1434				hypothetical protein
OFGNKLEL_02995	CDS	315	higB-1_3		COG3549	Toxin HigB-1
OFGNKLEL_02996	CDS	327	ybaQ_2		COG3093	putative HTH-type transcriptional regulator YbaQ
OFGNKLEL_02997	CDS	114				hypothetical protein
OFGNKLEL_02998	CDS	465				hypothetical protein
OFGNKLEL_02999	CDS	435				hypothetical protein
OFGNKLEL_03000	CDS	1914	thrZ	6.1.1.3	COG0441	Threonine--tRNA ligase 2
OFGNKLEL_03001	CDS	1854	parB_2		COG1475	putative chromosome-partitioning protein ParB
OFGNKLEL_03002	CDS	99				hypothetical protein
OFGNKLEL_03003	CDS	231				hypothetical protein
OFGNKLEL_03004	CDS	804	truA	5.4.99.12	COG0101	tRNA pseudouridine synthase A
OFGNKLEL_03005	CDS	501	trmH_2	2.1.1.34	COG0566	tRNA (guanosine(18)-2'-O)-methyltransferase
OFGNKLEL_03006	CDS	750				hypothetical protein
OFGNKLEL_03007	CDS	822	suhB	3.1.3.25	COG0483	Inositol-1-monophosphatase
OFGNKLEL_03008	CDS	711	ydhY		COG0437	putative ferredoxin-like protein YdhY
OFGNKLEL_03009	CDS	240				hypothetical protein
OFGNKLEL_03010	CDS	387				hypothetical protein
OFGNKLEL_03011	CDS	396				hypothetical protein
OFGNKLEL_03012	CDS	366				hypothetical protein
OFGNKLEL_03013	CDS	258				hypothetical protein
OFGNKLEL_03014	CDS	579	arsM_2	2.1.1.137		Arsenite methyltransferase
OFGNKLEL_03015	CDS	753	rebM_2	2.1.1.164		Demethylrebeccamycin-D-glucose O-methyltransferase
OFGNKLEL_03016	CDS	219				hypothetical protein
OFGNKLEL_03017	CDS	831	mqnA	4.2.1.151	COG1427	Chorismate dehydratase
OFGNKLEL_03018	CDS	984		3.5.4.40	COG0402	Aminodeoxyfutalosine deaminase
OFGNKLEL_03019	CDS	192				hypothetical protein
OFGNKLEL_03020	CDS	1536				hypothetical protein
OFGNKLEL_03021	CDS	336				hypothetical protein
OFGNKLEL_03022	CDS	1053				hypothetical protein
OFGNKLEL_03023	CDS	651	fadR_4			Fatty acid metabolism regulator protein
OFGNKLEL_03024	CDS	726	czcA			Cobalt-zinc-cadmium resistance protein CzcA
OFGNKLEL_03025	CDS	171	tctD_2		COG0745	Transcriptional regulatory protein tctD
OFGNKLEL_03026	CDS	531				hypothetical protein
OFGNKLEL_03027	CDS	1407	zraR_15		COG2204	Transcriptional regulatory protein ZraR
OFGNKLEL_03028	CDS	1707	hbpA_2		COG0747	Heme-binding protein A
OFGNKLEL_03029	CDS	936	gsiC_2		COG0601	Glutathione transport system permease protein GsiC
OFGNKLEL_03030	CDS	459				hypothetical protein
OFGNKLEL_03031	CDS	261	yoeB	3.1.-.-	COG4115	Toxin YoeB
OFGNKLEL_03032	CDS	255	yefM		COG2161	Antitoxin YefM
OFGNKLEL_03033	CDS	1161	oatA	2.3.1.-		O-acetyltransferase OatA
OFGNKLEL_03034	CDS	489				hypothetical protein
OFGNKLEL_03035	CDS	429	blaB1	3.5.2.6		Metallo-beta-lactamase type 2
OFGNKLEL_03036	CDS	1191				hypothetical protein
OFGNKLEL_03037	CDS	786	ttrB		COG0437	Tetrathionate reductase subunit B
OFGNKLEL_03038	CDS	537				hypothetical protein
OFGNKLEL_03039	CDS	1575	eam	5.4.3.9	COG1509	Glutamate 2,3-aminomutase
OFGNKLEL_03040	CDS	1803	cckA_25			Sensor kinase CckA
OFGNKLEL_03041	CDS	441				hypothetical protein
OFGNKLEL_03042	CDS	768	coaX	2.7.1.33	COG1521	Type III pantothenate kinase
OFGNKLEL_03043	CDS	1335	norM_2		COG0534	Multidrug resistance protein NorM
OFGNKLEL_03044	CDS	714	ribY		COG0715	Riboflavin-binding protein RibY
OFGNKLEL_03045	CDS	522	tlpA		COG0526	Thiol:disulfide interchange protein TlpA
OFGNKLEL_03046	CDS	648	bdbD		COG1651	Disulfide bond formation protein D
OFGNKLEL_03047	CDS	519	bdbC		COG1495	Disulfide bond formation protein C
OFGNKLEL_03048	CDS	651		3.1.4.-	COG2206	Cyclic di-GMP phosphodiesterase
OFGNKLEL_03049	CDS	375	ahcY	3.3.1.1		Adenosylhomocysteinase
OFGNKLEL_03050	CDS	369	gloA	4.4.1.5	COG0346	Lactoylglutathione lyase
OFGNKLEL_03051	CDS	492	nhaX_2		COG0589	Stress response protein NhaX
OFGNKLEL_03052	CDS	465				hypothetical protein
OFGNKLEL_03053	CDS	585		2.1.1.295		2-methyl-6-phytyl-1,4-hydroquinone methyltransferase
OFGNKLEL_03054	CDS	531	opcR		COG1510	HTH-type transcriptional repressor OpcR
OFGNKLEL_03055	CDS	366				hypothetical protein
OFGNKLEL_03056	CDS	348				hypothetical protein
OFGNKLEL_03057	CDS	762	cckA_26			Sensor kinase CckA
OFGNKLEL_03058	CDS	720	yvoA_2		COG2188	HTH-type transcriptional repressor YvoA
OFGNKLEL_03059	CDS	477				hypothetical protein
OFGNKLEL_03060	CDS	957	ousX		COG2113	Glycine betaine-binding periplasmic protein OusX
OFGNKLEL_03061	CDS	1224	opuAA	3.6.3.32	COG4175	Glycine betaine transport ATP-binding protein OpuAA
OFGNKLEL_03062	CDS	858	ousW		COG4176	Glycine betaine/choline transport system permease protein OusW
OFGNKLEL_03063	CDS	984	mtgB_17	2.1.1.-	COG5598	Glycine betaine methyltransferase
OFGNKLEL_03064	CDS	438	mtgB_18	2.1.1.-	COG5598	Glycine betaine methyltransferase
OFGNKLEL_03065	CDS	456				hypothetical protein
OFGNKLEL_03066	CDS	1746	pilY1_1			Type IV pilus biogenesis factor PilY1
OFGNKLEL_03067	CDS	615				hypothetical protein
OFGNKLEL_03068	CDS	1200	cpg2	3.4.17.11		Carboxypeptidase G2
OFGNKLEL_03069	CDS	558				hypothetical protein
OFGNKLEL_03070	CDS	471				hypothetical protein
OFGNKLEL_03071	CDS	1407	cusS	2.7.13.3	COG0642	Sensor kinase CusS
OFGNKLEL_03072	CDS	675	copR_1			Transcriptional activator protein CopR
OFGNKLEL_03073	CDS	783				hypothetical protein
OFGNKLEL_03074	CDS	249				hypothetical protein
OFGNKLEL_03075	CDS	216				hypothetical protein
OFGNKLEL_03076	CDS	450	hndA_2	1.12.1.3	COG1905	NADP-reducing hydrogenase subunit HndA
OFGNKLEL_03077	CDS	1875	hndC_2	1.12.1.3	COG1145	NADP-reducing hydrogenase subunit HndC
OFGNKLEL_03078	CDS	198				hypothetical protein
OFGNKLEL_03079	CDS	552				hypothetical protein
OFGNKLEL_03080	CDS	180				hypothetical protein
OFGNKLEL_03081	CDS	189				hypothetical protein
OFGNKLEL_03082	CDS	423				hypothetical protein
OFGNKLEL_03083	CDS	954	bepA_4	3.4.-.-	COG4783	Beta-barrel assembly-enhancing protease
OFGNKLEL_03084	CDS	1227		2.1.1.-	COG2230	putative fatty acid methyltransferase
OFGNKLEL_03085	CDS	465	xylB_2	2.7.1.17	COG1070	Xylulose kinase
OFGNKLEL_03086	CDS	1434	mtgB_19	2.1.1.-	COG5598	Glycine betaine methyltransferase
OFGNKLEL_03087	CDS	525				hypothetical protein
OFGNKLEL_03088	CDS	273				hypothetical protein
OFGNKLEL_03089	CDS	1311	dapL_2	2.6.1.83		LL-diaminopimelate aminotransferase
OFGNKLEL_03090	CDS	213				hypothetical protein
OFGNKLEL_03091	CDS	210				hypothetical protein
OFGNKLEL_03092	CDS	1356				hypothetical protein
OFGNKLEL_03093	CDS	1785	zraR_16		COG2204	Transcriptional regulatory protein ZraR
OFGNKLEL_03094	CDS	870				hypothetical protein
OFGNKLEL_03095	CDS	861	livH_9		COG0559	High-affinity branched-chain amino acid transport system permease protein LivH
OFGNKLEL_03096	CDS	1551	dppA_2		COG0747	Periplasmic dipeptide transport protein
OFGNKLEL_03097	CDS	984	dppB_2		COG0601	Dipeptide transport system permease protein DppB
OFGNKLEL_03098	CDS	849	cynR			HTH-type transcriptional regulator CynR
OFGNKLEL_03099	CDS	1362				hypothetical protein
OFGNKLEL_03100	CDS	1032				hypothetical protein
OFGNKLEL_03101	CDS	123				hypothetical protein
OFGNKLEL_03102	CDS	183				hypothetical protein
OFGNKLEL_03103	CDS	771				hypothetical protein
OFGNKLEL_03104	CDS	1803	resE_2	2.7.13.3		Sensor histidine kinase ResE
OFGNKLEL_03105	CDS	384	mprA_6			Response regulator MprA
OFGNKLEL_03106	CDS	1485		3.1.4.-	COG2206	3'3'-cGAMP-specific phosphodiesterase 3
OFGNKLEL_03107	CDS	345				hypothetical protein
OFGNKLEL_03108	CDS	168				hypothetical protein
OFGNKLEL_03109	CDS	513				hypothetical protein
OFGNKLEL_03110	CDS	483				hypothetical protein
OFGNKLEL_03111	CDS	771	yxeM_2		COG0834	putative amino-acid-binding protein YxeM
OFGNKLEL_03112	CDS	354				hypothetical protein
OFGNKLEL_03113	CDS	651				hypothetical protein
OFGNKLEL_03114	CDS	1389	mnmE	3.6.-.-	COG0486	tRNA modification GTPase MnmE
OFGNKLEL_03115	CDS	891				hypothetical protein
OFGNKLEL_03116	CDS	144	yidC			Membrane protein insertase YidC
OFGNKLEL_03117	CDS	648				hypothetical protein
OFGNKLEL_03118	CDS	1461	cysP_2		COG0306	Sulfate permease CysP
OFGNKLEL_03119	CDS	993	acuI	1.3.1.84	COG0604	putative acrylyl-CoA reductase AcuI
OFGNKLEL_03120	CDS	1155	fsr			Fosmidomycin resistance protein
OFGNKLEL_03121	CDS	891				hypothetical protein
OFGNKLEL_03122	CDS	498	fdnH_2		COG0437	Formate dehydrogenase, nitrate-inducible, iron-sulfur subunit
OFGNKLEL_03123	CDS	3342	hybB_2		COG5557	putative Ni/Fe-hydrogenase 2 b-type cytochrome subunit
OFGNKLEL_03124	CDS	330				hypothetical protein
OFGNKLEL_03125	CDS	534				hypothetical protein
OFGNKLEL_03126	CDS	486				hypothetical protein
OFGNKLEL_03127	CDS	1242	rhlE_2	3.6.4.13	COG0513	ATP-dependent RNA helicase RhlE
OFGNKLEL_03128	CDS	327				hypothetical protein
OFGNKLEL_03129	CDS	609	fetA	3.6.3.-	COG4619	putative iron export ATP-binding protein FetA
OFGNKLEL_03130	CDS	849	fetB		COG0390	putative iron export permease protein FetB
OFGNKLEL_03131	CDS	3450	rpoB	2.7.7.6	COG0085	DNA-directed RNA polymerase subunit beta
OFGNKLEL_03132	CDS	150				hypothetical protein
OFGNKLEL_03133	CDS	390	mazF_2	3.1.27.-	COG2337	Endoribonuclease toxin MazF
OFGNKLEL_03134	CDS	261	chpS			Antitoxin ChpS
OFGNKLEL_03135	CDS	1566				hypothetical protein
OFGNKLEL_03136	CDS	1143				hypothetical protein
OFGNKLEL_03137	CDS	726				hypothetical protein
OFGNKLEL_03138	CDS	765				hypothetical protein
OFGNKLEL_03139	CDS	1935				hypothetical protein
OFGNKLEL_03140	CDS	411	vsr	3.1.-.-	COG3727	Very short patch repair protein
OFGNKLEL_03141	CDS	567	aplIM	2.1.1.37	COG0270	Modification methylase AplI
OFGNKLEL_03142	CDS	1119		1.3.8.1	COG1960	Butyryl-CoA dehydrogenase
OFGNKLEL_03143	CDS	948	echA8	4.2.1.17	COG1024	putative enoyl-CoA hydratase echA8
OFGNKLEL_03144	CDS	1365	trkA_2		COG0569	Trk system potassium uptake protein TrkA
OFGNKLEL_03145	CDS	489	glnG_2		COG2204	DNA-binding transcriptional regulator NtrC
OFGNKLEL_03146	CDS	699				hypothetical protein
OFGNKLEL_03147	CDS	357	copR_2			Transcriptional activator protein CopR
OFGNKLEL_03148	CDS	1764	zraS_7	2.7.13.3		Sensor protein ZraS
OFGNKLEL_03149	CDS	381	zraR_17		COG2204	Transcriptional regulatory protein ZraR
OFGNKLEL_03150	CDS	981				hypothetical protein
OFGNKLEL_03151	CDS	429				hypothetical protein
OFGNKLEL_03152	CDS	804		3.1.4.-	COG3437	Cyclic di-GMP phosphodiesterase
OFGNKLEL_03153	CDS	1473	zraR_18		COG2204	Transcriptional regulatory protein ZraR
OFGNKLEL_03154	CDS	315				hypothetical protein
OFGNKLEL_03155	CDS	96				hypothetical protein
OFGNKLEL_03156	CDS	372	menG_2			2-phytyl-1,4-naphtoquinone methyltransferase
OFGNKLEL_03157	CDS	702				hypothetical protein
OFGNKLEL_03158	CDS	462	pptA	5.3.2.-	COG1942	Tautomerase PptA
OFGNKLEL_03159	CDS	399	ftsN			Cell division protein FtsN
OFGNKLEL_03160	CDS	288	gatC	6.3.5.-	COG0721	Glutamyl-tRNA(Gln) amidotransferase subunit C
OFGNKLEL_03161	CDS	1473	gatA	6.3.5.7	COG0154	Glutamyl-tRNA(Gln) amidotransferase subunit A
OFGNKLEL_03162	CDS	183				hypothetical protein
OFGNKLEL_03163	CDS	240				hypothetical protein
